2018-05-04.13:18:01

3 classes, kappa=-0.011   0.000	18.519	25.648	30.952	35.688	38.466	43.175	49.259	
3 classes, kappa=-0.010   0.000	20.370	23.241	30.159	35.132	38.704	42.937	48.704	
3 classes, kappa=-0.007   0.000	20.000	22.593	29.444	34.286	37.831	41.190	48.056	
3 classes, kappa=-0.006   0.000	15.556	21.852	28.770	34.709	38.122	42.381	48.241	
3 classes, kappa=-0.005   0.000	16.667	22.963	28.810	34.206	38.175	40.754	47.870	
3 classes, kappa=-0.005   0.000	15.926	20.463	27.222	33.254	37.090	41.310	47.500	
3 classes, kappa=-0.004   0.000	14.074	19.537	26.825	32.725	36.720	41.389	47.130	
3 classes, kappa=-0.003   0.000	13.333	20.278	27.341	33.915	36.720	41.627	46.111	
3 classes, kappa=-0.003   0.000	15.926	21.204	27.897	32.804	36.825	41.310	47.037	
3 classes, kappa=-0.003   0.000	14.815	19.259	25.873	32.989	36.667	40.397	45.648	
3 classes, kappa=-0.002   0.000	15.556	22.130	27.183	33.069	37.302	40.159	47.315	
3 classes, kappa=-0.002   0.000	13.704	18.241	26.270	31.825	36.376	40.278	46.111	
3 classes, kappa=0.000   0.000	15.556	21.296	27.976	33.757	36.614	41.032	48.333	
3 classes, kappa=0.000   0.000	12.593	20.926	26.667	32.831	35.529	40.516	48.056	
3 classes, kappa=0.001   0.000	15.185	19.630	27.222	32.143	36.138	40.397	45.463	
3 classes, kappa=0.001   0.000	12.963	20.000	26.071	32.460	36.296	40.317	46.389	
3 classes, kappa=0.001   0.000	15.556	21.019	26.071	32.196	36.058	40.794	49.259	
3 classes, kappa=0.002   0.000	13.704	19.352	26.151	32.460	36.032	40.317	45.741	
3 classes, kappa=0.003   0.000	13.333	20.648	26.508	32.116	36.058	40.833	47.685	
3 classes, kappa=0.004   0.000	13.704	17.778	26.190	31.402	35.582	39.484	45.741	
3 classes, kappa=0.006   0.000	16.296	19.815	26.548	32.460	36.243	39.921	44.907	
3 classes, kappa=0.006   0.000	12.963	17.778	25.159	30.714	34.868	39.524	46.481	
3 classes, kappa=0.007   0.000	14.074	18.704	24.722	30.794	34.762	38.651	47.407	
3 classes, kappa=0.007   0.000	13.704	16.296	23.929	30.556	34.577	38.929	45.648	
3 classes, kappa=0.009   0.000	10.370	16.667	23.651	29.524	34.127	38.929	45.556	
3 classes, kappa=0.009   0.000	9.259	14.722	22.579	29.127	33.413	38.889	45.278	
3 classes, kappa=0.009   0.000	11.111	19.259	25.595	31.534	35.476	39.921	48.148	
3 classes, kappa=0.009   0.000	12.222	18.796	26.627	31.349	35.529	39.881	44.815	
3 classes, kappa=0.012   0.000	12.593	15.278	22.778	29.497	33.254	38.413	45.926	
3 classes, kappa=0.013   0.000	7.778	15.093	21.389	28.280	33.228	38.016	45.000	
3 classes, kappa=0.016   0.000	11.111	17.500	23.571	30.317	33.360	37.778	45.093	
3 classes, kappa=0.016   0.000	13.333	15.741	22.778	29.471	33.095	37.738	46.204	
3 classes, kappa=0.017   0.000	13.704	19.074	24.444	30.106	33.201	38.333	46.111	
3 classes, kappa=0.018   0.000	10.741	16.574	23.452	28.307	32.354	38.056	44.907	
3 classes, kappa=0.019   0.000	12.593	17.500	23.175	29.894	33.757	37.262	44.352	
3 classes, kappa=0.019   0.000	12.593	17.778	22.976	29.392	33.651	37.857	46.574	
3 classes, kappa=0.021   0.000	10.000	16.389	23.571	28.757	33.095	37.381	45.093	
3 classes, kappa=0.022   0.000	10.000	15.833	22.817	28.968	32.381	37.540	44.815	
3 classes, kappa=0.026   0.000	12.222	16.296	23.056	29.153	32.910	37.183	45.833	
3 classes, kappa=0.030   0.000	11.111	17.407	22.460	28.148	31.931	36.310	42.685	
3 classes, kappa=0.037   0.000	10.741	16.574	22.222	28.201	31.931	36.032	43.796	
3 classes, kappa=0.042   0.000	13.704	15.833	22.460	27.249	31.402	36.071	42.963	
3 classes, kappa=0.042   0.000	11.852	16.204	22.103	26.825	31.561	35.913	44.352	
3 classes, kappa=0.044   0.000	12.222	15.278	20.714	26.534	30.503	36.230	43.796	
3 classes, kappa=0.047   0.000	9.630	14.815	20.833	26.296	30.397	34.563	42.963	
3 classes, kappa=0.053   0.000	10.370	15.093	20.833	25.000	29.735	34.246	44.444	
3 classes, kappa=0.056   0.000	8.148	13.519	19.206	24.974	28.651	33.730	42.222	
3 classes, kappa=0.059   0.000	9.630	15.278	19.603	24.444	29.656	33.254	42.315	
3 classes, kappa=0.064   0.000	10.741	14.630	18.373	23.810	28.571	33.413	40.556	
3 classes, kappa=0.073   0.000	10.000	14.537	19.286	24.444	28.333	33.214	41.111	
3 classes, kappa=0.076   0.000	8.889	13.241	18.810	23.175	28.042	32.540	42.685	
3 classes, kappa=0.078   0.000	9.259	11.389	17.738	22.169	26.772	31.270	39.815	
3 classes, kappa=0.081   0.000	9.259	12.685	18.532	22.672	27.011	30.754	40.556	
3 classes, kappa=0.088   0.000	9.630	13.889	17.897	23.201	27.169	31.508	40.370	
3 classes, kappa=0.089   0.000	8.148	12.685	17.222	22.249	26.878	30.833	41.111	
3 classes, kappa=0.089   0.000	7.407	12.407	16.944	21.984	26.825	30.238	41.204	
3 classes, kappa=0.095   0.000	7.037	12.500	16.865	21.217	26.270	30.635	39.722	
3 classes, kappa=0.096   0.000	6.667	10.741	16.111	20.847	25.767	29.881	39.352	
3 classes, kappa=0.100   0.000	4.444	10.926	15.119	20.476	25.317	29.563	39.630	
3 classes, kappa=0.104   0.000	5.926	10.093	14.405	19.921	24.021	28.413	38.889	
3 classes, kappa=0.109   0.000	5.185	9.259	13.254	19.365	23.598	27.857	38.148	
3 classes, kappa=0.119   0.000	6.296	10.833	13.730	18.386	23.413	28.294	37.778	
3 classes, kappa=0.125   0.000	5.185	8.796	13.333	18.148	23.624	27.778	38.704	
3 classes, kappa=0.129   0.000	3.704	8.148	13.214	17.989	22.910	26.746	37.500	
3 classes, kappa=0.129   0.000	4.815	8.611	13.135	17.460	22.725	26.508	37.685	
3 classes, kappa=0.137   0.000	4.815	7.778	12.421	17.381	23.201	26.032	36.574	
3 classes, kappa=0.142   0.000	6.667	8.056	12.738	17.037	21.720	26.270	36.296	
3 classes, kappa=0.142   0.000	5.556	8.519	12.381	17.249	21.905	26.627	37.130	
3 classes, kappa=0.151   0.000	5.556	8.241	13.056	17.249	21.005	26.071	34.444	
3 classes, kappa=0.158   0.000	4.815	7.870	12.460	17.011	21.561	25.476	33.889	
3 classes, kappa=0.162   0.000	4.444	8.241	12.778	17.566	21.005	25.437	35.926	
3 classes, kappa=0.169   0.000	5.926	7.037	12.540	16.270	21.720	25.595	36.852	
3 classes, kappa=0.175   0.000	6.667	7.963	11.865	16.138	20.926	24.325	36.019	
3 classes, kappa=0.180   0.000	5.926	7.778	11.706	15.397	20.899	23.929	34.074	
3 classes, kappa=0.187   0.000	6.667	7.778	11.984	15.767	20.476	23.651	34.444	
3 classes, kappa=0.191   0.000	6.296	7.222	11.429	14.365	19.550	23.056	33.519	
3 classes, kappa=0.196   0.000	5.185	6.574	10.913	13.915	18.889	22.976	34.167	
3 classes, kappa=0.203   0.000	4.815	7.037	10.754	13.995	19.206	22.381	34.630	
3 classes, kappa=0.207   0.000	4.074	6.481	9.722	13.651	18.439	22.183	34.259	
3 classes, kappa=0.216   0.000	5.926	6.667	9.683	12.910	18.122	21.270	31.944	
3 classes, kappa=0.222   0.000	4.444	6.204	9.603	12.460	17.778	21.270	31.574	
3 classes, kappa=0.230   0.000	3.704	6.204	9.683	12.249	17.196	20.873	31.019	
3 classes, kappa=0.232   0.000	4.074	5.648	8.889	11.455	16.587	20.397	32.407	
3 classes, kappa=0.236   0.000	2.593	5.278	8.294	11.270	16.878	19.524	31.759	
3 classes, kappa=0.239   0.000	2.593	3.704	7.659	10.582	15.450	18.810	30.741	
3 classes, kappa=0.242   0.000	1.481	2.593	6.468	9.471	15.212	18.492	30.463	
3 classes, kappa=0.246   0.000	1.481	2.870	6.627	9.788	15.265	18.452	30.926	
3 classes, kappa=0.254   0.000	1.481	2.500	6.706	9.603	14.815	18.056	27.315	
3 classes, kappa=0.261   0.000	1.481	2.500	6.032	8.810	14.021	17.540	29.815	
3 classes, kappa=0.266   0.000	1.481	2.685	6.270	8.836	14.101	17.659	30.000	
3 classes, kappa=0.272   0.000	1.481	2.500	5.794	7.778	13.545	16.786	28.148	
3 classes, kappa=0.276   0.000	1.481	1.944	5.357	7.593	12.804	15.794	29.537	
3 classes, kappa=0.282   0.000	1.481	2.130	5.159	7.037	12.407	15.238	28.426	
3 classes, kappa=0.290   0.000	1.481	1.759	5.317	7.090	11.931	15.119	27.500	
3 classes, kappa=0.296   0.000	1.481	2.315	5.119	6.905	12.566	15.040	28.981	
3 classes, kappa=0.298   0.000	0.000	0.833	4.286	6.190	11.243	14.603	26.944	
3 classes, kappa=0.305   0.000	0.000	1.019	3.889	5.397	10.979	13.770	27.222	
3 classes, kappa=0.316   0.000	0.000	0.648	3.611	5.847	10.529	13.690	27.685	
3 classes, kappa=0.322   0.000	0.000	0.926	3.611	5.423	10.820	13.889	26.667	
3 classes, kappa=0.328   0.000	0.000	1.204	3.175	4.762	9.656	13.254	25.185	
3 classes, kappa=0.336   0.000	0.000	1.019	3.492	4.815	10.106	12.500	24.630	
3 classes, kappa=0.343   0.000	0.000	0.463	2.937	4.762	10.106	12.381	25.926	
3 classes, kappa=0.350   0.000	0.000	0.000	2.738	4.048	9.921	11.508	24.815	
3 classes, kappa=0.358   0.000	0.000	0.000	2.778	4.048	9.947	11.468	25.000	
3 classes, kappa=0.368   0.000	0.000	0.000	2.500	4.127	10.132	11.389	24.537	
3 classes, kappa=0.376   0.000	0.000	0.000	2.500	3.836	9.127	11.032	22.685	
3 classes, kappa=0.381   0.000	0.000	0.000	2.262	3.519	8.889	10.595	23.889	
3 classes, kappa=0.389   0.000	0.000	0.000	2.183	3.571	8.148	10.159	22.315	
3 classes, kappa=0.398   0.000	0.000	0.000	1.905	3.228	8.386	10.595	22.685	
3 classes, kappa=0.406   0.000	0.000	0.000	2.500	3.466	8.333	10.198	23.148	
3 classes, kappa=0.412   0.000	0.000	0.000	2.063	2.619	7.751	9.683	22.407	
3 classes, kappa=0.417   0.000	0.000	0.000	1.825	2.540	7.275	9.246	23.056	
3 classes, kappa=0.425   0.000	0.000	0.000	1.429	2.566	6.481	8.611	21.481	
3 classes, kappa=0.435   0.000	0.000	0.000	0.913	2.487	6.799	8.532	21.574	
3 classes, kappa=0.444   0.000	0.000	0.000	1.944	2.540	6.852	8.214	21.111	
3 classes, kappa=0.452   0.000	0.000	0.000	1.746	2.513	6.825	7.937	20.556	
3 classes, kappa=0.462   0.000	0.000	0.000	1.468	2.646	6.772	7.817	18.426	
3 classes, kappa=0.469   0.000	0.000	0.000	1.190	2.434	6.217	7.619	19.907	
3 classes, kappa=0.477   0.000	0.000	0.000	1.825	2.354	6.005	7.500	20.556	
3 classes, kappa=0.483   0.000	0.000	0.000	1.429	1.931	5.556	6.587	19.907	
3 classes, kappa=0.491   0.000	0.000	0.000	1.111	1.746	5.476	6.389	20.370	
3 classes, kappa=0.496   0.000	0.000	0.000	1.151	1.481	4.656	5.952	17.222	
3 classes, kappa=0.507   0.000	0.000	0.000	0.714	1.349	4.815	6.032	18.056	
3 classes, kappa=0.516   0.000	0.000	0.000	0.794	1.376	4.497	5.913	16.852	
3 classes, kappa=0.523   0.000	0.000	0.000	0.595	1.190	4.259	5.476	16.574	
3 classes, kappa=0.528   0.000	0.000	0.000	0.437	0.873	3.836	5.000	17.037	
3 classes, kappa=0.537   0.000	0.000	0.000	0.675	0.767	3.519	4.603	17.130	
3 classes, kappa=0.546   0.000	0.000	0.000	0.357	0.820	3.254	4.365	15.926	
3 classes, kappa=0.556   0.000	0.000	0.000	0.437	0.794	3.122	4.286	16.204	
3 classes, kappa=0.564   0.000	0.000	0.000	0.397	0.847	3.175	3.968	14.537	
3 classes, kappa=0.572   0.000	0.000	0.000	0.476	0.741	3.095	3.810	16.296	
3 classes, kappa=0.583   0.000	0.000	0.000	0.317	0.688	3.254	3.651	14.815	
3 classes, kappa=0.590   0.000	0.000	0.000	0.397	0.688	2.751	3.730	14.074	
3 classes, kappa=0.601   0.000	0.000	0.000	0.357	0.556	3.016	3.373	13.981	
3 classes, kappa=0.610   0.000	0.000	0.000	0.476	0.608	2.513	3.016	13.241	
3 classes, kappa=0.620   0.000	0.000	0.000	0.278	0.503	2.566	3.175	12.593	
3 classes, kappa=0.631   0.000	0.000	0.000	0.516	0.582	2.540	3.095	12.963	
3 classes, kappa=0.639   0.000	0.000	0.000	0.357	0.635	2.037	2.778	12.593	
3 classes, kappa=0.647   0.000	0.000	0.000	0.437	0.582	2.063	2.500	12.222	
3 classes, kappa=0.656   0.000	0.000	0.000	0.317	0.608	1.720	2.183	10.926	
3 classes, kappa=0.667   0.000	0.000	0.000	0.516	0.582	1.640	2.143	9.167	
3 classes, kappa=0.678   0.000	0.000	0.000	0.397	0.529	1.720	2.222	11.019	
3 classes, kappa=0.688   0.000	0.000	0.000	0.397	0.688	1.746	2.222	10.278	
3 classes, kappa=0.699   0.000	0.000	0.000	0.437	0.661	1.799	2.063	10.185	
3 classes, kappa=0.710   0.000	0.000	0.000	0.516	0.688	1.667	2.143	9.352	
3 classes, kappa=0.717   0.000	0.000	0.000	0.397	0.397	1.376	1.746	9.815	
3 classes, kappa=0.728   0.000	0.000	0.000	0.437	0.397	1.138	1.865	9.537	
3 classes, kappa=0.739   0.000	0.000	0.000	0.357	0.397	1.190	1.786	9.074	
3 classes, kappa=0.751   0.000	0.000	0.000	0.317	0.397	1.508	1.587	8.889	
3 classes, kappa=0.756   0.000	0.000	0.000	0.000	0.000	0.847	1.310	7.870	
3 classes, kappa=0.768   0.000	0.000	0.000	0.000	0.000	0.714	1.349	7.407	
3 classes, kappa=0.779   0.000	0.000	0.000	0.000	0.000	0.714	1.389	7.130	
3 classes, kappa=0.790   0.000	0.000	0.000	0.000	0.000	0.582	1.349	7.963	
3 classes, kappa=0.800   0.000	0.000	0.000	0.000	0.000	0.979	1.071	7.037	
3 classes, kappa=0.811   0.000	0.000	0.000	0.000	0.000	0.688	1.230	6.574	
3 classes, kappa=0.820   0.000	0.000	0.000	0.000	0.000	0.952	1.071	6.759	
3 classes, kappa=0.831   0.000	0.000	0.000	0.000	0.000	0.820	0.873	6.019	
3 classes, kappa=0.843   0.000	0.000	0.000	0.000	0.000	0.847	0.992	6.481	
3 classes, kappa=0.851   0.000	0.000	0.000	0.000	0.000	0.741	0.754	5.556	
3 classes, kappa=0.859   0.000	0.000	0.000	0.000	0.000	0.238	0.437	5.185	
3 classes, kappa=0.871   0.000	0.000	0.000	0.000	0.000	0.291	0.476	5.185	
3 classes, kappa=0.882   0.000	0.000	0.000	0.000	0.000	0.238	0.476	3.796	
3 classes, kappa=0.892   0.000	0.000	0.000	0.000	0.000	0.291	0.278	3.981	
3 classes, kappa=0.903   0.000	0.000	0.000	0.000	0.000	0.238	0.278	3.333	
3 classes, kappa=0.914   0.000	0.000	0.000	0.000	0.000	0.265	0.278	2.778	
3 classes, kappa=0.925   0.000	0.000	0.000	0.000	0.000	0.317	0.278	2.870	
3 classes, kappa=0.936   0.000	0.000	0.000	0.000	0.000	0.291	0.278	1.944	
3 classes, kappa=0.944   0.000	0.000	0.000	0.000	0.000	0.000	0.000	1.667	
3 classes, kappa=0.956   0.000	0.000	0.000	0.000	0.000	0.000	0.000	1.389	
3 classes, kappa=0.967   0.000	0.000	0.000	0.000	0.000	0.000	0.000	0.833	
3 classes, kappa=0.978   0.000	0.000	0.000	0.000	0.000	0.000	0.000	0.741	
3 classes, kappa=0.989   0.000	0.000	0.000	0.000	0.000	0.000	0.000	0.370	
