2018-05-07.17:19:28

3 classes, kappa=0.008   0.000	19.276	23.419	27.624	33.377	36.433	40.956	48.726	
3 classes, kappa=0.008   0.000	18.662	23.189	27.953	33.175	36.666	41.009	48.204	
3 classes, kappa=0.008   0.000	19.030	22.882	27.730	33.088	36.521	41.075	48.803	
3 classes, kappa=0.008   0.000	18.171	23.158	27.355	33.145	36.442	40.608	48.895	
3 classes, kappa=0.009   0.000	17.986	22.836	27.493	33.101	36.499	40.542	48.481	
3 classes, kappa=0.009   0.000	18.539	23.527	27.749	33.092	36.464	40.588	48.266	
3 classes, kappa=0.010   0.000	17.802	23.358	27.295	33.026	36.324	40.700	49.202	
3 classes, kappa=0.012   0.000	18.600	22.775	27.565	32.794	36.113	40.726	49.187	
3 classes, kappa=0.013   0.000	19.030	23.450	28.032	33.294	36.547	41.048	49.248	
3 classes, kappa=0.013   0.000	18.662	23.220	27.736	33.355	36.561	40.759	48.941	
3 classes, kappa=0.013   0.000	19.214	22.683	27.716	33.412	36.157	40.805	48.619	
3 classes, kappa=0.014   0.000	18.600	22.821	27.901	32.816	35.991	40.121	48.711	
3 classes, kappa=0.014   0.000	18.662	23.020	27.427	33.412	36.126	40.614	47.652	
3 classes, kappa=0.014   0.000	18.232	23.005	27.578	33.241	36.091	40.516	49.018	
3 classes, kappa=0.015   0.000	18.539	22.897	27.887	33.478	36.201	40.680	48.327	
3 classes, kappa=0.016   0.000	18.600	22.990	27.309	33.018	36.026	40.141	47.959	
3 classes, kappa=0.018   0.000	18.969	22.759	27.486	33.053	36.118	40.430	48.112	
3 classes, kappa=0.019   0.000	18.416	23.297	27.348	33.544	36.346	40.621	48.389	
3 classes, kappa=0.020   0.000	18.109	23.174	27.670	33.259	36.333	40.463	48.603	
3 classes, kappa=0.022   0.000	18.969	23.220	27.480	33.048	36.170	40.213	48.235	
3 classes, kappa=0.022   0.000	18.907	23.235	27.933	32.864	36.394	40.483	48.481	
3 classes, kappa=0.023   0.000	18.232	23.450	27.565	32.939	36.341	40.608	48.066	
3 classes, kappa=0.023   0.000	17.986	23.343	27.966	32.812	36.201	40.627	47.606	
3 classes, kappa=0.023   0.000	19.214	23.128	27.473	32.869	35.780	40.141	48.757	
3 classes, kappa=0.024   0.000	19.091	23.297	27.618	33.272	36.363	40.331	47.698	
3 classes, kappa=0.025   0.000	18.478	23.389	27.440	32.882	36.236	40.253	47.928	
3 classes, kappa=0.026   0.000	19.214	23.250	27.605	32.755	36.219	40.424	47.974	
3 classes, kappa=0.027   0.000	19.214	23.250	27.572	33.009	36.315	40.641	48.496	
3 classes, kappa=0.027   0.000	18.600	23.143	27.782	33.241	35.798	40.207	48.450	
3 classes, kappa=0.027   0.000	18.723	22.713	27.591	33.246	36.227	40.207	48.235	
3 classes, kappa=0.028   0.000	18.416	23.588	27.677	32.996	36.170	40.226	47.974	
3 classes, kappa=0.028   0.000	18.171	22.851	27.440	33.158	36.157	40.483	47.299	
3 classes, kappa=0.029   0.000	18.723	23.649	27.230	33.127	35.741	40.443	47.729	
3 classes, kappa=0.031   0.000	18.539	22.667	27.703	32.610	36.056	39.924	47.790	
3 classes, kappa=0.031   0.000	18.355	22.330	27.690	32.833	35.727	39.957	47.468	
3 classes, kappa=0.031   0.000	18.293	22.698	27.341	32.645	35.508	39.891	47.468	
3 classes, kappa=0.032   0.000	17.373	22.867	26.973	32.386	35.421	40.029	47.790	
3 classes, kappa=0.033   0.000	18.723	22.514	27.309	32.491	35.478	39.647	48.189	
3 classes, kappa=0.034   0.000	18.600	22.759	27.605	32.965	35.969	40.351	47.944	
3 classes, kappa=0.034   0.000	17.311	22.637	27.144	32.684	35.605	39.845	47.192	
3 classes, kappa=0.034   0.000	17.066	22.744	27.052	32.886	35.613	39.608	48.020	
3 classes, kappa=0.034   0.000	18.969	22.683	27.105	33.097	35.649	40.114	47.990	
3 classes, kappa=0.034   0.000	19.398	22.652	27.006	32.772	35.837	40.141	48.435	
3 classes, kappa=0.034   0.000	18.600	23.128	27.519	32.746	35.850	40.134	48.281	
3 classes, kappa=0.035   0.000	18.416	22.621	27.651	32.605	35.631	40.029	47.468	
3 classes, kappa=0.035   0.000	19.030	23.281	27.697	32.737	35.451	39.845	47.284	
3 classes, kappa=0.035   0.000	18.478	23.082	26.842	32.474	35.767	39.687	47.897	
3 classes, kappa=0.035   0.000	17.188	22.928	27.381	32.662	35.592	39.674	47.575	
3 classes, kappa=0.035   0.000	18.539	23.435	27.309	32.544	35.600	39.858	47.974	
3 classes, kappa=0.037   0.000	19.583	22.805	27.355	32.553	35.605	39.694	46.455	
3 classes, kappa=0.038   0.000	19.153	22.974	27.447	32.281	35.192	39.943	47.038	
3 classes, kappa=0.039   0.000	19.337	23.020	27.263	32.478	35.977	39.845	47.053	
3 classes, kappa=0.040   0.000	18.785	22.944	27.506	32.798	35.583	39.621	46.654	
3 classes, kappa=0.040   0.000	17.986	22.345	27.230	32.667	35.364	39.832	47.176	
3 classes, kappa=0.040   0.000	19.030	22.575	27.118	32.527	35.627	39.759	47.099	
3 classes, kappa=0.041   0.000	17.802	22.422	26.999	32.233	35.456	39.503	48.005	
3 classes, kappa=0.042   0.000	18.969	22.667	27.447	32.075	35.421	39.700	47.161	
3 classes, kappa=0.043   0.000	19.153	22.683	27.138	32.334	35.100	39.740	46.716	
3 classes, kappa=0.044   0.000	19.214	23.235	27.341	32.632	35.662	39.661	46.992	
3 classes, kappa=0.045   0.000	19.521	23.343	27.289	32.706	35.491	39.575	47.913	
3 classes, kappa=0.045   0.000	18.171	23.005	27.644	32.790	35.517	39.404	47.652	
3 classes, kappa=0.045   0.000	18.907	22.775	26.967	32.509	35.333	39.601	47.207	
3 classes, kappa=0.045   0.000	19.521	23.158	27.276	32.255	35.521	39.818	46.685	
3 classes, kappa=0.045   0.000	18.232	22.821	27.506	32.224	35.364	39.299	47.038	
3 classes, kappa=0.045   0.000	18.355	22.591	27.341	32.719	35.320	39.562	47.222	
3 classes, kappa=0.045   0.000	18.600	22.253	27.355	32.483	35.333	39.470	46.777	
3 classes, kappa=0.045   0.000	18.785	23.097	27.289	32.369	35.495	39.384	47.345	
3 classes, kappa=0.045   0.000	18.969	22.974	26.835	32.500	35.381	39.253	47.422	
3 classes, kappa=0.045   0.000	18.293	22.468	26.730	32.255	35.267	39.266	47.268	
3 classes, kappa=0.045   0.000	17.925	22.805	26.736	32.610	35.434	39.582	46.746	
3 classes, kappa=0.045   0.000	18.232	22.529	26.782	32.452	35.048	39.115	46.654	
3 classes, kappa=0.045   0.000	18.907	22.851	27.078	32.206	35.184	39.227	47.729	
3 classes, kappa=0.045   0.000	17.618	22.775	27.092	32.566	35.267	39.766	47.115	
3 classes, kappa=0.045   0.000	18.600	22.974	27.078	32.277	35.565	39.930	46.455	
3 classes, kappa=0.045   0.000	18.416	22.867	27.374	32.250	35.438	39.180	47.928	
3 classes, kappa=0.045   0.000	18.539	22.867	27.046	32.299	35.478	39.319	46.931	
3 classes, kappa=0.045   0.000	18.662	23.189	27.059	32.224	35.526	39.378	46.516	
3 classes, kappa=0.045   0.000	17.618	23.204	27.184	32.404	35.315	39.700	46.363	
3 classes, kappa=0.046   0.000	17.434	22.683	27.236	32.456	35.315	39.266	47.007	
3 classes, kappa=0.047   0.000	17.864	23.143	27.368	32.290	35.026	39.674	46.746	
3 classes, kappa=0.048   0.000	18.846	22.805	27.157	32.110	35.188	39.259	47.360	
3 classes, kappa=0.050   0.000	18.600	22.897	27.039	31.908	35.017	39.174	45.826	
3 classes, kappa=0.050   0.000	17.864	22.437	27.032	32.496	35.276	39.325	46.455	
3 classes, kappa=0.051   0.000	18.785	22.299	26.460	32.198	35.359	39.088	47.376	
3 classes, kappa=0.052   0.000	17.864	22.483	26.546	31.860	35.000	38.674	46.746	
3 classes, kappa=0.053   0.000	17.680	22.560	26.454	31.742	34.636	38.411	46.992	
3 classes, kappa=0.054   0.000	18.662	22.483	26.486	31.992	34.758	38.996	46.117	
3 classes, kappa=0.056   0.000	17.986	22.790	26.572	32.233	34.912	38.970	46.608	
3 classes, kappa=0.056   0.000	18.109	22.314	26.664	31.663	35.048	38.635	46.992	
3 classes, kappa=0.056   0.000	18.232	22.069	26.980	31.856	34.969	38.983	45.994	
3 classes, kappa=0.057   0.000	17.127	22.514	26.342	31.904	34.552	38.615	46.025	
3 classes, kappa=0.057   0.000	19.091	22.192	26.552	31.299	34.530	38.865	46.056	
3 classes, kappa=0.058   0.000	17.986	21.746	26.467	31.553	34.596	38.635	45.626	
3 classes, kappa=0.060   0.000	17.986	22.099	26.388	31.645	34.710	38.431	46.163	
3 classes, kappa=0.062   0.000	17.925	21.562	26.401	31.790	34.425	38.674	45.120	
3 classes, kappa=0.063   0.000	18.293	22.038	26.276	31.847	34.627	38.345	46.087	
3 classes, kappa=0.064   0.000	18.416	22.345	26.144	31.386	34.491	38.187	45.580	
3 classes, kappa=0.065   0.000	18.232	21.823	26.408	31.167	34.390	38.286	45.227	
3 classes, kappa=0.067   0.000	19.583	21.685	26.112	31.128	34.351	38.299	45.519	
3 classes, kappa=0.067   0.000	18.785	21.808	26.066	31.325	33.965	38.450	46.148	
3 classes, kappa=0.067   0.000	17.066	21.900	25.947	31.702	34.118	38.161	46.255	
3 classes, kappa=0.068   0.000	17.373	21.670	25.855	31.172	34.280	38.247	45.319	
3 classes, kappa=0.069   0.000	17.557	21.869	25.980	31.268	34.013	38.168	45.381	
3 classes, kappa=0.071   0.000	18.907	22.330	25.605	31.259	34.276	38.069	46.194	
3 classes, kappa=0.072   0.000	17.188	21.654	26.223	31.044	33.974	38.194	45.212	
3 classes, kappa=0.073   0.000	17.741	21.470	26.171	31.001	33.921	37.760	45.703	
3 classes, kappa=0.074   0.000	17.741	21.516	25.743	31.509	33.947	37.470	45.565	
3 classes, kappa=0.076   0.000	17.434	21.946	26.177	31.009	34.022	37.944	45.657	
3 classes, kappa=0.076   0.000	17.925	21.869	25.428	30.742	34.079	37.826	45.273	
3 classes, kappa=0.077   0.000	17.557	21.409	25.835	31.044	33.868	37.983	45.856	
3 classes, kappa=0.078   0.000	16.820	21.301	25.500	31.058	33.838	37.832	45.381	
3 classes, kappa=0.080   0.000	16.882	21.746	25.954	30.838	33.522	37.990	44.874	
3 classes, kappa=0.081   0.000	17.188	21.762	25.987	30.773	33.689	37.714	44.767	
3 classes, kappa=0.082   0.000	17.864	21.562	25.579	30.742	33.886	37.687	45.549	
3 classes, kappa=0.082   0.000	18.539	21.424	25.776	30.961	33.680	37.786	45.074	
3 classes, kappa=0.082   0.000	17.004	20.734	25.270	30.637	33.430	37.326	45.104	
3 classes, kappa=0.083   0.000	16.513	21.946	25.381	30.545	33.513	37.293	44.936	
3 classes, kappa=0.084   0.000	18.600	21.762	25.257	30.882	33.539	37.378	45.887	
3 classes, kappa=0.085   0.000	17.741	21.363	25.691	30.663	33.320	37.484	45.795	
3 classes, kappa=0.085   0.000	17.680	21.102	25.401	31.014	33.763	37.267	44.444	
3 classes, kappa=0.085   0.000	17.373	21.133	25.605	30.672	33.386	37.313	44.199	
3 classes, kappa=0.085   0.000	18.109	21.470	25.539	30.325	33.566	37.391	44.659	
3 classes, kappa=0.085   0.000	16.206	21.255	25.493	30.672	33.368	37.490	45.641	
3 classes, kappa=0.085   0.000	16.943	21.363	25.474	30.672	33.579	37.220	44.383	
3 classes, kappa=0.085   0.000	16.268	21.547	25.572	30.365	33.469	37.332	45.043	
3 classes, kappa=0.086   0.000	17.618	21.148	25.717	30.220	33.408	37.549	44.659	
3 classes, kappa=0.086   0.000	15.961	21.087	25.743	30.939	33.680	37.313	44.583	
3 classes, kappa=0.086   0.000	18.723	20.887	25.303	30.672	33.022	37.096	45.135	
3 classes, kappa=0.086   0.000	17.373	21.194	25.210	30.312	33.408	37.299	44.936	
3 classes, kappa=0.087   0.000	17.741	21.209	25.270	30.339	33.215	37.207	45.227	
3 classes, kappa=0.087   0.000	17.557	21.056	25.408	30.689	33.706	37.431	45.227	
3 classes, kappa=0.088   0.000	17.250	21.025	25.487	30.093	33.127	37.194	44.061	
3 classes, kappa=0.090   0.000	17.004	21.240	25.046	30.207	33.070	37.201	44.199	
3 classes, kappa=0.090   0.000	17.250	21.025	24.987	29.983	33.175	37.148	44.583	
3 classes, kappa=0.091   0.000	17.004	20.902	25.072	30.615	33.399	37.063	44.214	
3 classes, kappa=0.092   0.000	17.127	20.657	24.836	29.988	32.908	36.852	43.892	
3 classes, kappa=0.093   0.000	17.004	20.979	24.908	29.755	33.000	36.635	44.368	
3 classes, kappa=0.094   0.000	16.390	21.087	25.474	30.260	33.140	36.786	44.138	
3 classes, kappa=0.095   0.000	17.680	21.117	25.210	30.062	33.162	37.003	43.738	
3 classes, kappa=0.095   0.000	15.777	20.795	25.237	30.203	32.890	37.089	45.350	
3 classes, kappa=0.095   0.000	17.495	20.549	24.895	30.273	33.118	36.569	44.521	
3 classes, kappa=0.095   0.000	16.452	20.979	24.875	30.146	33.004	36.977	44.030	
3 classes, kappa=0.095   0.000	17.986	21.317	25.210	29.869	32.969	36.819	44.107	
3 classes, kappa=0.096   0.000	15.777	21.163	24.770	30.159	32.632	36.569	44.352	
3 classes, kappa=0.096   0.000	17.680	20.672	25.230	30.001	32.763	36.622	43.677	
3 classes, kappa=0.096   0.000	17.004	20.749	24.980	29.922	33.013	36.550	43.708	
3 classes, kappa=0.096   0.000	15.899	20.979	24.954	30.194	32.728	36.832	43.554	
3 classes, kappa=0.097   0.000	17.188	21.393	24.980	30.277	33.079	36.661	44.460	
3 classes, kappa=0.098   0.000	16.943	20.826	24.796	30.027	32.816	36.642	43.493	
3 classes, kappa=0.100   0.000	17.127	21.317	25.112	30.102	32.772	36.504	44.030	
3 classes, kappa=0.101   0.000	17.066	20.933	25.375	29.830	32.864	36.556	43.493	
3 classes, kappa=0.103   0.000	16.943	20.826	24.842	29.913	32.676	36.859	44.168	
3 classes, kappa=0.104   0.000	17.618	20.964	25.105	30.119	32.855	36.536	43.554	
3 classes, kappa=0.104   0.000	17.311	20.764	25.066	29.764	32.825	36.892	43.539	
3 classes, kappa=0.104   0.000	17.004	20.979	24.750	30.260	32.715	36.181	43.063	
3 classes, kappa=0.104   0.000	16.329	21.240	24.862	29.865	32.768	36.661	44.061	
3 classes, kappa=0.105   0.000	17.127	21.025	24.868	29.606	32.702	36.333	43.907	
3 classes, kappa=0.106   0.000	17.680	20.703	24.803	30.001	32.426	36.365	43.416	
3 classes, kappa=0.108   0.000	17.188	21.393	25.020	29.681	32.908	36.819	42.940	
3 classes, kappa=0.108   0.000	17.066	20.734	25.105	29.729	32.386	36.556	43.324	
3 classes, kappa=0.109   0.000	17.373	21.332	24.849	30.075	32.483	36.306	42.925	
3 classes, kappa=0.111   0.000	15.838	20.580	24.553	29.510	32.662	36.056	42.756	
3 classes, kappa=0.112   0.000	15.961	20.335	24.967	29.650	32.478	36.385	44.429	
3 classes, kappa=0.113   0.000	15.040	21.117	24.809	29.589	32.619	36.010	43.079	
3 classes, kappa=0.113   0.000	16.329	21.041	24.513	29.501	32.303	36.267	42.894	
3 classes, kappa=0.113   0.000	17.373	21.071	24.507	29.856	32.215	36.135	44.030	
3 classes, kappa=0.115   0.000	16.513	20.872	24.579	29.523	32.312	35.787	43.524	
3 classes, kappa=0.116   0.000	16.083	20.519	24.401	29.444	32.084	36.372	43.217	
3 classes, kappa=0.118   0.000	16.575	20.994	24.553	29.470	32.347	35.839	43.079	
3 classes, kappa=0.118   0.000	17.004	20.688	24.474	29.133	32.163	35.898	42.726	
3 classes, kappa=0.118   0.000	17.434	20.457	24.277	29.523	32.123	35.550	43.738	
3 classes, kappa=0.119   0.000	16.882	20.657	24.454	29.014	32.149	35.826	43.570	
3 classes, kappa=0.120   0.000	16.513	20.212	24.619	29.027	32.009	35.846	43.094	
3 classes, kappa=0.122   0.000	15.777	20.242	24.408	29.348	31.794	35.464	42.925	
3 classes, kappa=0.122   0.000	15.531	20.565	24.336	29.247	32.092	35.543	42.495	
3 classes, kappa=0.122   0.000	17.373	20.196	24.171	29.352	32.154	35.484	42.066	
3 classes, kappa=0.123   0.000	16.820	20.749	24.237	29.453	31.983	35.484	43.140	
3 classes, kappa=0.123   0.000	17.250	20.703	24.303	29.352	32.049	35.596	43.048	
3 classes, kappa=0.123   0.000	15.715	20.150	24.336	29.067	32.092	35.570	43.355	
3 classes, kappa=0.123   0.000	16.882	20.150	24.073	29.378	31.851	35.464	43.416	
3 classes, kappa=0.124   0.000	16.329	20.304	24.263	29.378	32.154	35.478	42.818	
3 classes, kappa=0.124   0.000	16.206	20.595	24.283	29.273	31.917	35.872	42.511	
3 classes, kappa=0.125   0.000	16.083	20.289	24.369	28.944	31.759	35.484	42.388	
3 classes, kappa=0.125   0.000	16.697	20.104	23.810	28.712	31.658	35.274	42.250	
3 classes, kappa=0.125   0.000	16.390	20.012	24.165	29.084	31.593	35.346	42.649	
3 classes, kappa=0.127   0.000	15.592	20.227	24.283	28.611	31.518	35.168	42.772	
3 classes, kappa=0.127   0.000	15.592	20.411	23.987	28.602	31.505	35.353	42.480	
3 classes, kappa=0.127   0.000	16.882	20.089	23.915	28.949	31.303	35.464	42.680	
3 classes, kappa=0.128   0.000	16.636	19.659	23.849	29.207	31.505	34.997	42.281	
3 classes, kappa=0.128   0.000	16.697	20.104	23.981	28.813	31.255	35.155	42.526	
3 classes, kappa=0.129   0.000	16.329	19.736	23.849	28.791	31.527	35.306	42.495	
3 classes, kappa=0.130   0.000	15.838	19.721	23.757	28.756	31.189	34.853	41.728	
3 classes, kappa=0.131   0.000	16.452	20.319	23.744	28.190	31.557	35.142	41.866	
3 classes, kappa=0.132   0.000	16.083	19.567	23.829	28.370	31.084	35.030	41.882	
3 classes, kappa=0.134   0.000	16.452	19.997	23.606	28.335	31.014	35.162	41.882	
3 classes, kappa=0.135   0.000	15.715	20.135	23.928	28.186	31.141	34.563	42.327	
3 classes, kappa=0.136   0.000	15.408	19.583	23.375	28.063	31.312	34.629	42.419	
3 classes, kappa=0.137   0.000	16.697	20.043	23.310	28.050	30.645	34.517	41.912	
3 classes, kappa=0.138   0.000	16.575	19.890	23.474	28.457	30.856	34.419	42.756	
3 classes, kappa=0.138   0.000	16.575	19.782	23.494	28.015	30.913	34.498	41.713	
3 classes, kappa=0.139   0.000	16.329	19.828	23.645	28.181	30.983	34.451	42.188	
3 classes, kappa=0.140   0.000	16.022	19.552	23.198	28.133	31.001	34.373	42.020	
3 classes, kappa=0.140   0.000	15.961	19.567	23.152	28.098	30.711	34.155	41.390	
3 classes, kappa=0.141   0.000	16.452	20.012	23.441	27.738	30.545	34.234	40.869	
3 classes, kappa=0.143   0.000	16.206	19.444	23.474	27.896	30.602	34.432	41.252	
3 classes, kappa=0.144   0.000	15.592	20.089	23.408	28.510	31.036	34.353	41.682	
3 classes, kappa=0.144   0.000	16.145	19.506	23.389	28.076	30.764	34.590	42.127	
3 classes, kappa=0.145   0.000	16.206	19.260	23.389	27.830	30.536	34.596	41.743	
3 classes, kappa=0.145   0.000	15.347	19.813	23.579	28.072	30.873	34.590	41.498	
3 classes, kappa=0.145   0.000	16.083	19.874	23.303	27.997	30.711	34.070	40.991	
3 classes, kappa=0.145   0.000	15.163	19.644	23.336	28.010	30.935	34.353	41.252	
3 classes, kappa=0.145   0.000	15.777	19.598	23.375	27.716	30.659	33.971	41.252	
3 classes, kappa=0.146   0.000	15.470	19.291	23.645	27.773	30.694	34.248	41.759	
3 classes, kappa=0.146   0.000	15.899	19.475	23.579	27.822	30.632	34.129	40.853	
3 classes, kappa=0.146   0.000	15.592	19.506	23.527	28.251	30.764	34.129	41.068	
3 classes, kappa=0.146   0.000	16.882	19.598	23.421	27.931	30.628	34.294	41.375	
3 classes, kappa=0.148   0.000	16.329	20.028	23.270	27.975	30.759	34.366	41.252	
3 classes, kappa=0.149   0.000	17.495	20.012	23.895	28.137	30.821	34.274	41.621	
3 classes, kappa=0.149   0.000	15.838	20.181	23.520	28.409	30.751	34.241	41.329	
3 classes, kappa=0.149   0.000	15.531	19.705	23.421	28.194	30.852	34.162	41.360	
3 classes, kappa=0.149   0.000	15.838	19.797	23.546	28.181	31.044	34.096	41.559	
3 classes, kappa=0.149   0.000	16.329	19.782	23.553	27.716	30.685	34.294	41.621	
3 classes, kappa=0.150   0.000	16.636	19.690	23.211	27.484	30.496	34.004	41.360	
3 classes, kappa=0.150   0.000	15.592	19.490	23.862	27.984	30.694	34.287	41.053	
3 classes, kappa=0.150   0.000	16.452	19.690	23.625	27.686	30.852	34.267	40.638	
3 classes, kappa=0.151   0.000	15.899	19.383	23.369	27.892	30.453	34.103	41.176	
3 classes, kappa=0.152   0.000	15.470	19.122	23.106	27.607	30.273	34.077	41.375	
3 classes, kappa=0.153   0.000	14.979	19.429	23.323	27.725	30.264	34.024	40.132	
3 classes, kappa=0.155   0.000	15.654	19.444	23.389	27.773	30.238	34.215	41.774	
3 classes, kappa=0.156   0.000	16.083	19.475	23.165	27.703	30.317	34.162	40.562	
3 classes, kappa=0.156   0.000	15.654	19.690	22.474	27.914	30.426	33.577	41.498	
3 classes, kappa=0.156   0.000	15.531	19.690	23.231	27.817	30.264	33.366	40.930	
3 classes, kappa=0.157   0.000	14.610	19.521	23.172	27.523	30.312	33.938	40.239	
3 classes, kappa=0.157   0.000	15.592	19.398	22.849	27.366	30.181	33.781	40.700	
3 classes, kappa=0.158   0.000	16.452	19.506	22.954	27.309	30.220	33.425	40.777	
3 classes, kappa=0.158   0.000	15.961	19.598	23.435	27.883	30.181	33.827	41.360	
3 classes, kappa=0.159   0.000	15.592	19.444	23.211	27.523	30.417	33.781	40.193	
3 classes, kappa=0.159   0.000	16.022	18.907	22.764	27.339	30.312	33.235	40.562	
3 classes, kappa=0.159   0.000	14.672	19.015	22.981	27.366	30.093	33.616	40.884	
3 classes, kappa=0.159   0.000	15.470	19.398	22.843	27.602	30.176	33.860	40.470	
3 classes, kappa=0.159   0.000	16.943	19.444	23.158	27.594	30.488	33.873	40.731	
3 classes, kappa=0.160   0.000	16.206	19.629	22.691	27.576	29.869	33.346	40.623	
3 classes, kappa=0.161   0.000	15.899	19.767	22.737	27.440	29.882	33.333	40.439	
3 classes, kappa=0.162   0.000	15.531	18.907	22.547	27.256	29.909	33.511	39.626	
3 classes, kappa=0.163   0.000	15.285	19.936	23.020	27.804	30.220	33.327	40.746	
3 classes, kappa=0.163   0.000	15.899	19.214	23.191	27.256	30.146	33.721	40.654	
3 classes, kappa=0.163   0.000	16.513	19.245	23.303	27.738	30.422	33.695	40.301	
3 classes, kappa=0.163   0.000	16.390	19.444	23.014	27.247	30.154	33.721	39.948	
3 classes, kappa=0.164   0.000	16.145	19.184	22.948	27.694	30.264	33.846	41.206	
3 classes, kappa=0.164   0.000	15.470	19.398	23.106	27.388	29.861	33.649	40.224	
3 classes, kappa=0.164   0.000	16.820	18.969	23.211	27.782	30.141	33.465	40.408	
3 classes, kappa=0.164   0.000	15.592	19.260	22.757	27.243	29.966	33.465	40.577	
3 classes, kappa=0.164   0.000	16.575	19.030	22.948	27.186	30.181	33.564	41.007	
3 classes, kappa=0.164   0.000	15.224	19.291	22.915	27.804	30.128	33.596	39.948	
3 classes, kappa=0.164   0.000	15.101	18.923	23.014	27.414	30.045	33.393	40.761	
3 classes, kappa=0.165   0.000	15.163	19.291	22.632	27.322	29.847	33.379	40.654	
3 classes, kappa=0.165   0.000	15.531	19.276	22.935	26.953	29.953	33.498	40.500	
3 classes, kappa=0.165   0.000	15.654	19.475	23.066	27.370	30.137	33.557	40.669	
3 classes, kappa=0.165   0.000	15.715	18.861	23.119	27.247	29.913	33.465	39.656	
3 classes, kappa=0.165   0.000	16.083	19.107	22.816	27.230	29.957	33.241	40.071	
3 classes, kappa=0.165   0.000	15.040	19.153	22.757	27.217	30.106	33.083	41.007	
3 classes, kappa=0.166   0.000	14.733	18.923	23.079	27.041	30.141	33.182	40.009	
3 classes, kappa=0.166   0.000	15.715	19.061	22.737	27.462	29.808	33.452	40.101	
3 classes, kappa=0.166   0.000	15.838	19.429	23.099	27.348	29.830	33.491	41.068	
3 classes, kappa=0.166   0.000	16.513	18.646	22.474	27.037	29.742	33.320	40.945	
3 classes, kappa=0.167   0.000	15.040	18.984	22.770	27.414	29.913	33.149	40.147	
3 classes, kappa=0.167   0.000	15.961	19.398	22.797	27.295	29.979	33.307	39.718	
3 classes, kappa=0.167   0.000	15.531	18.984	22.902	27.037	29.773	33.386	40.301	
3 classes, kappa=0.167   0.000	14.426	19.306	22.948	27.208	29.738	33.596	40.163	
3 classes, kappa=0.167   0.000	15.470	19.383	23.408	27.028	30.229	33.616	41.022	
3 classes, kappa=0.167   0.000	15.163	19.306	22.994	27.440	29.878	33.511	40.715	
3 classes, kappa=0.167   0.000	14.672	18.923	23.106	27.085	29.957	33.748	40.884	
3 classes, kappa=0.167   0.000	15.224	19.398	22.560	27.028	29.751	32.998	40.761	
3 classes, kappa=0.167   0.000	16.206	19.153	22.751	27.054	29.825	33.228	40.209	
3 classes, kappa=0.167   0.000	15.470	19.076	22.698	27.580	29.983	33.281	39.656	
3 classes, kappa=0.168   0.000	16.452	19.552	23.211	27.572	30.238	33.550	40.777	
3 classes, kappa=0.168   0.000	15.408	19.276	22.731	27.304	29.611	32.932	40.470	
3 classes, kappa=0.168   0.000	15.224	19.260	22.876	27.523	29.725	33.241	40.408	
3 classes, kappa=0.168   0.000	14.610	18.999	22.941	26.936	29.847	33.471	40.239	
3 classes, kappa=0.168   0.000	16.759	19.828	23.375	27.475	30.369	33.550	40.731	
3 classes, kappa=0.168   0.000	16.022	19.368	23.106	27.401	30.277	33.399	40.086	
3 classes, kappa=0.169   0.000	16.022	19.276	23.323	27.502	30.146	33.669	40.424	
3 classes, kappa=0.169   0.000	16.083	19.322	23.139	27.611	30.189	33.346	40.347	
3 classes, kappa=0.169   0.000	15.101	19.721	23.191	27.497	30.137	33.373	40.255	
3 classes, kappa=0.169   0.000	16.329	19.168	23.145	27.326	30.299	33.537	39.932	
3 classes, kappa=0.169   0.000	15.408	19.045	23.382	27.379	30.093	33.596	40.454	
3 classes, kappa=0.169   0.000	15.715	19.368	23.040	27.274	30.189	33.642	40.853	
3 classes, kappa=0.169   0.000	16.513	18.969	22.626	27.024	30.023	32.787	39.656	
3 classes, kappa=0.170   0.000	16.268	19.444	23.007	27.747	30.001	33.037	39.979	
3 classes, kappa=0.170   0.000	16.022	19.091	22.691	26.875	29.992	33.524	40.393	
3 classes, kappa=0.170   0.000	15.592	19.091	22.751	27.265	29.742	33.222	40.823	
3 classes, kappa=0.170   0.000	15.470	19.153	22.711	27.471	29.843	32.906	39.733	
3 classes, kappa=0.171   0.000	15.347	18.815	22.573	27.024	29.909	33.162	40.439	
3 classes, kappa=0.171   0.000	14.794	18.938	22.586	27.063	29.817	32.926	40.454	
3 classes, kappa=0.172   0.000	15.285	18.892	22.612	27.098	29.882	32.932	40.424	
3 classes, kappa=0.174   0.000	15.961	19.122	23.007	27.046	29.584	33.024	39.825	
3 classes, kappa=0.176   0.000	14.672	18.355	22.711	26.953	29.830	32.985	39.886	
3 classes, kappa=0.176   0.000	16.145	18.969	22.954	26.861	29.690	32.866	40.209	
3 classes, kappa=0.176   0.000	14.794	18.907	22.343	26.866	29.483	33.064	40.071	
3 classes, kappa=0.176   0.000	15.777	18.631	22.244	26.857	29.470	32.327	39.764	
3 classes, kappa=0.176   0.000	14.917	19.015	22.409	26.958	29.536	33.182	39.579	
3 classes, kappa=0.176   0.000	15.470	19.076	22.547	26.616	29.356	32.301	40.025	
3 classes, kappa=0.177   0.000	15.531	18.846	22.277	26.585	29.282	32.610	40.301	
3 classes, kappa=0.177   0.000	16.022	18.616	22.553	26.971	29.304	32.972	40.132	
3 classes, kappa=0.177   0.000	15.163	18.938	22.744	27.037	29.707	32.853	39.886	
3 classes, kappa=0.177   0.000	15.777	18.861	22.520	26.967	29.405	32.610	39.994	
3 classes, kappa=0.177   0.000	14.672	18.815	22.599	26.673	29.422	32.603	40.163	
3 classes, kappa=0.177   0.000	14.856	18.278	22.376	26.528	29.247	32.755	38.904	
3 classes, kappa=0.178   0.000	14.733	18.662	22.330	26.769	29.396	32.801	39.165	
3 classes, kappa=0.178   0.000	15.531	18.877	22.297	26.853	29.462	32.741	40.178	
3 classes, kappa=0.179   0.000	14.365	18.508	22.073	26.532	29.049	32.557	39.979	
3 classes, kappa=0.180   0.000	14.610	18.831	22.356	26.467	29.168	32.268	40.470	
3 classes, kappa=0.180   0.000	15.531	18.999	22.192	26.423	29.216	32.373	40.101	
3 classes, kappa=0.180   0.000	14.794	18.524	22.277	26.331	29.146	32.932	39.702	
3 classes, kappa=0.180   0.000	14.365	18.493	22.461	26.322	28.909	32.103	39.196	
3 classes, kappa=0.181   0.000	14.426	18.600	22.080	26.361	29.102	32.274	39.656	
3 classes, kappa=0.183   0.000	15.408	18.493	22.198	26.335	29.067	32.268	38.797	
3 classes, kappa=0.183   0.000	15.040	18.447	22.099	26.524	29.010	32.228	38.751	
3 classes, kappa=0.183   0.000	15.285	18.247	22.238	26.449	28.878	32.459	39.303	
3 classes, kappa=0.184   0.000	14.487	18.416	22.073	26.379	28.957	32.097	38.536	
3 classes, kappa=0.185   0.000	15.408	18.278	21.771	26.085	28.650	31.959	39.840	
3 classes, kappa=0.186   0.000	14.856	18.800	22.027	26.309	28.611	32.294	39.104	
3 classes, kappa=0.188   0.000	15.531	18.309	21.797	26.072	28.830	32.123	39.042	
3 classes, kappa=0.188   0.000	14.733	18.171	22.093	25.984	28.813	31.761	38.628	
3 classes, kappa=0.189   0.000	14.733	18.186	21.692	25.958	28.383	31.853	39.273	
3 classes, kappa=0.191   0.000	13.812	18.171	21.882	26.006	28.479	31.604	38.428	
3 classes, kappa=0.191   0.000	14.917	18.585	21.981	25.875	28.352	31.932	38.367	
3 classes, kappa=0.192   0.000	14.917	18.186	21.757	25.752	28.203	31.630	39.134	
3 classes, kappa=0.194   0.000	15.592	18.263	21.757	25.695	28.286	31.571	39.457	
3 classes, kappa=0.195   0.000	14.180	18.017	21.475	25.967	28.475	31.597	38.751	
3 classes, kappa=0.195   0.000	14.058	18.109	21.554	25.791	28.203	31.360	38.935	
3 classes, kappa=0.195   0.000	15.224	17.956	21.652	25.884	28.238	31.577	38.689	
3 classes, kappa=0.195   0.000	15.654	17.894	21.659	25.638	28.387	31.551	38.659	
3 classes, kappa=0.195   0.000	14.794	17.940	21.797	25.809	28.102	31.610	38.751	
3 classes, kappa=0.196   0.000	15.163	17.281	21.396	25.673	28.159	31.505	38.689	
3 classes, kappa=0.197   0.000	15.285	18.033	21.501	25.721	28.137	31.511	38.781	
3 classes, kappa=0.197   0.000	15.408	17.833	21.501	25.388	28.089	31.130	39.058	
3 classes, kappa=0.197   0.000	14.733	18.017	21.488	25.410	27.887	31.452	38.858	
3 classes, kappa=0.197   0.000	15.961	17.787	21.369	25.647	28.080	31.459	38.122	
3 classes, kappa=0.197   0.000	14.426	17.802	21.212	25.476	28.028	31.110	38.275	
3 classes, kappa=0.198   0.000	15.040	18.033	21.212	25.261	27.830	31.071	38.336	
3 classes, kappa=0.198   0.000	14.917	17.956	21.021	25.388	27.979	31.229	38.981	
3 classes, kappa=0.199   0.000	14.610	17.603	21.488	25.480	27.694	31.202	37.723	
3 classes, kappa=0.200   0.000	15.040	17.894	21.067	25.143	27.629	31.025	38.198	
3 classes, kappa=0.202   0.000	15.285	17.772	21.297	25.590	27.949	30.939	38.428	
3 classes, kappa=0.202   0.000	14.426	17.680	21.133	25.226	27.839	30.933	38.244	
3 classes, kappa=0.202   0.000	15.654	17.971	21.133	24.954	27.901	30.735	37.707	
3 classes, kappa=0.202   0.000	14.365	18.155	21.008	25.050	27.901	30.808	38.168	
3 classes, kappa=0.203   0.000	14.549	17.848	20.948	25.221	27.668	30.913	37.109	
3 classes, kappa=0.205   0.000	15.040	17.649	21.277	25.278	27.852	30.893	37.661	
3 classes, kappa=0.206   0.000	14.180	17.127	20.968	25.200	27.624	30.597	37.216	
3 classes, kappa=0.206   0.000	13.935	17.649	21.198	24.998	27.721	31.031	38.029	
3 classes, kappa=0.208   0.000	15.101	17.403	21.185	25.042	27.673	30.571	38.244	
3 classes, kappa=0.208   0.000	14.856	17.250	21.027	24.621	27.545	30.564	37.999	
3 classes, kappa=0.209   0.000	13.874	17.618	21.080	25.125	27.431	30.209	37.692	
3 classes, kappa=0.210   0.000	14.733	17.664	20.725	25.309	27.883	30.584	37.676	
3 classes, kappa=0.210   0.000	14.672	17.449	20.620	25.072	27.664	30.597	36.848	
3 classes, kappa=0.210   0.000	14.917	17.879	21.146	24.998	27.620	30.459	37.584	
3 classes, kappa=0.210   0.000	14.487	17.680	21.152	24.875	27.633	31.130	36.817	
3 classes, kappa=0.211   0.000	14.058	17.787	20.856	25.015	27.436	30.413	37.907	
3 classes, kappa=0.211   0.000	14.365	17.680	20.883	25.068	27.396	30.360	37.293	
3 classes, kappa=0.211   0.000	14.180	17.879	20.955	24.796	27.458	30.328	37.815	
3 classes, kappa=0.211   0.000	14.180	17.495	21.001	24.919	27.541	30.512	37.308	
3 classes, kappa=0.211   0.000	15.224	17.664	20.764	24.844	27.352	30.334	37.769	
3 classes, kappa=0.211   0.000	14.794	17.327	20.843	25.033	27.563	30.472	37.584	
3 classes, kappa=0.211   0.000	14.856	17.357	20.725	25.173	27.366	30.439	37.891	
3 classes, kappa=0.211   0.000	13.812	17.634	20.495	24.752	27.405	30.216	37.538	
3 classes, kappa=0.212   0.000	14.672	17.204	20.652	25.116	27.230	30.196	36.878	
3 classes, kappa=0.214   0.000	14.549	17.848	20.745	24.713	27.304	30.479	37.416	
3 classes, kappa=0.215   0.000	14.549	17.756	21.093	25.235	27.352	30.433	37.815	
3 classes, kappa=0.215   0.000	14.794	17.388	21.054	24.936	27.212	30.689	37.247	
3 classes, kappa=0.216   0.000	13.812	17.388	20.804	24.914	27.431	30.525	37.753	
3 classes, kappa=0.216   0.000	15.961	17.142	20.791	24.998	27.076	30.354	38.413	
3 classes, kappa=0.216   0.000	15.470	17.434	21.001	24.985	27.694	30.288	37.093	
3 classes, kappa=0.216   0.000	12.830	17.158	20.685	24.840	27.348	30.222	37.646	
3 classes, kappa=0.217   0.000	14.917	17.480	20.751	24.502	27.497	30.347	37.032	
3 classes, kappa=0.218   0.000	14.058	17.434	20.764	24.923	27.186	30.163	36.541	
3 classes, kappa=0.220   0.000	14.426	17.695	20.902	24.910	27.247	30.446	37.554	
3 classes, kappa=0.220   0.000	14.180	16.958	20.659	24.866	27.067	30.189	37.078	
3 classes, kappa=0.220   0.000	15.101	17.434	20.804	24.757	27.002	30.143	36.909	
3 classes, kappa=0.221   0.000	14.794	17.265	20.481	24.643	27.032	30.163	37.185	
3 classes, kappa=0.222   0.000	14.856	17.173	20.850	24.586	27.129	29.920	36.986	
3 classes, kappa=0.223   0.000	14.119	17.204	20.791	24.743	26.835	30.012	36.771	
3 classes, kappa=0.225   0.000	13.628	17.465	20.449	24.454	27.028	29.815	36.909	
3 classes, kappa=0.225   0.000	14.303	16.789	20.639	24.572	26.813	30.097	37.170	
3 classes, kappa=0.225   0.000	12.584	16.989	20.100	24.366	26.932	29.374	36.725	
3 classes, kappa=0.226   0.000	14.856	17.112	20.449	24.498	26.997	29.880	36.771	
3 classes, kappa=0.226   0.000	14.672	16.897	20.218	24.388	26.861	30.058	37.201	
3 classes, kappa=0.228   0.000	14.549	16.928	20.501	24.401	26.747	29.617	36.172	
3 classes, kappa=0.228   0.000	14.242	16.882	20.304	24.445	26.910	29.742	36.710	
3 classes, kappa=0.228   0.000	14.487	16.989	20.416	24.529	27.015	29.676	36.894	
3 classes, kappa=0.228   0.000	13.996	16.713	20.337	24.494	26.690	29.407	35.912	
3 classes, kappa=0.228   0.000	13.444	16.820	20.356	24.252	27.002	29.637	36.648	
3 classes, kappa=0.229   0.000	13.321	16.912	20.153	24.257	26.686	29.446	37.324	
3 classes, kappa=0.229   0.000	15.163	17.050	20.192	23.941	26.765	29.663	37.277	
3 classes, kappa=0.230   0.000	13.567	16.682	19.817	24.248	26.594	29.670	37.078	
3 classes, kappa=0.230   0.000	15.285	16.498	20.251	24.296	26.318	29.453	36.249	
3 classes, kappa=0.230   0.000	13.198	16.621	19.712	23.845	26.340	29.157	36.142	
3 classes, kappa=0.230   0.000	13.198	17.188	19.896	23.906	26.546	29.459	36.034	
3 classes, kappa=0.230   0.000	13.505	16.176	19.692	24.138	26.348	29.374	36.648	
3 classes, kappa=0.230   0.000	12.769	16.912	19.916	24.038	26.506	29.611	36.694	
3 classes, kappa=0.231   0.000	13.567	16.958	20.054	23.954	26.160	29.400	36.188	
3 classes, kappa=0.231   0.000	12.769	16.421	19.909	23.757	26.410	29.190	36.817	
3 classes, kappa=0.231   0.000	13.996	17.173	20.047	23.963	26.629	29.242	36.924	
3 classes, kappa=0.231   0.000	13.382	16.590	19.811	24.020	26.528	29.223	35.973	
3 classes, kappa=0.232   0.000	14.365	16.298	19.797	23.902	26.283	29.545	36.142	
3 classes, kappa=0.232   0.000	14.549	16.928	19.745	23.555	26.151	29.150	36.372	
3 classes, kappa=0.232   0.000	13.812	16.605	19.962	23.568	26.116	29.019	36.280	
3 classes, kappa=0.233   0.000	13.321	16.344	19.567	23.788	26.247	29.006	36.725	
3 classes, kappa=0.234   0.000	13.935	16.851	19.771	23.573	26.524	28.854	36.464	
3 classes, kappa=0.235   0.000	13.628	16.882	19.830	24.051	26.528	29.163	36.142	
3 classes, kappa=0.235   0.000	13.874	16.498	19.613	23.915	26.125	28.973	36.525	
3 classes, kappa=0.236   0.000	14.733	16.713	19.929	23.941	26.322	29.387	36.188	
3 classes, kappa=0.236   0.000	13.751	16.314	19.679	23.748	26.041	29.025	35.942	
3 classes, kappa=0.236   0.000	13.382	16.697	20.008	23.818	26.239	29.354	35.958	
3 classes, kappa=0.236   0.000	13.444	16.590	19.942	23.696	26.278	29.223	36.265	
3 classes, kappa=0.236   0.000	14.180	16.866	20.403	24.112	26.616	29.236	35.666	
3 classes, kappa=0.236   0.000	13.874	16.636	19.811	24.059	26.283	29.453	36.065	
3 classes, kappa=0.236   0.000	14.058	17.004	19.968	23.770	26.247	29.196	36.572	
3 classes, kappa=0.236   0.000	13.628	16.483	19.811	23.428	26.116	29.196	35.850	
3 classes, kappa=0.236   0.000	14.487	16.958	20.120	23.945	26.397	29.098	36.188	
3 classes, kappa=0.236   0.000	13.076	16.544	20.008	23.529	26.050	28.940	35.850	
3 classes, kappa=0.238   0.000	13.137	16.298	19.929	23.687	26.182	28.677	36.418	
3 classes, kappa=0.239   0.000	14.242	16.789	19.883	23.906	26.050	28.736	36.341	
3 classes, kappa=0.240   0.000	14.365	16.743	19.857	23.660	26.024	29.032	36.234	
3 classes, kappa=0.240   0.000	14.058	16.743	20.061	23.757	26.169	29.104	36.126	
3 classes, kappa=0.240   0.000	13.076	16.728	19.784	23.722	25.774	29.084	35.635	
3 classes, kappa=0.240   0.000	14.426	16.835	19.732	23.717	26.063	29.058	36.464	
3 classes, kappa=0.241   0.000	12.523	16.621	19.837	23.678	25.941	28.598	35.942	
3 classes, kappa=0.242   0.000	14.487	16.697	19.758	23.595	25.800	28.664	35.098	
3 classes, kappa=0.242   0.000	13.689	16.329	19.929	23.700	26.204	28.848	35.574	
3 classes, kappa=0.242   0.000	14.426	16.882	20.238	23.941	26.151	28.992	35.497	
3 classes, kappa=0.243   0.000	13.014	16.314	19.692	23.704	26.076	28.617	35.727	
3 classes, kappa=0.243   0.000	13.996	16.283	19.751	23.520	26.116	28.802	35.712	
3 classes, kappa=0.244   0.000	13.751	16.344	19.771	23.603	26.116	28.795	35.912	
3 classes, kappa=0.244   0.000	14.303	16.651	19.692	23.643	26.103	28.887	35.804	
3 classes, kappa=0.244   0.000	14.672	16.621	19.758	23.643	25.936	28.966	35.374	
3 classes, kappa=0.245   0.000	13.996	16.575	19.718	23.411	25.941	28.631	35.282	
3 classes, kappa=0.245   0.000	13.505	16.621	19.482	23.380	25.866	28.499	35.605	
3 classes, kappa=0.246   0.000	13.935	16.989	19.876	23.735	26.006	28.749	35.651	
3 classes, kappa=0.246   0.000	13.198	16.559	19.870	23.503	25.862	28.795	35.574	
3 classes, kappa=0.247   0.000	13.628	16.759	19.561	23.297	25.677	28.065	35.835	
3 classes, kappa=0.247   0.000	13.996	16.298	20.014	23.446	25.853	28.617	36.265	
3 classes, kappa=0.248   0.000	13.505	16.498	19.968	23.472	25.428	28.617	35.881	
3 classes, kappa=0.248   0.000	13.382	16.436	19.528	23.538	25.787	28.519	35.635	
3 classes, kappa=0.248   0.000	13.137	16.651	19.554	23.450	25.734	28.519	35.958	
3 classes, kappa=0.248   0.000	13.321	16.099	19.541	23.213	25.827	28.414	35.820	
3 classes, kappa=0.249   0.000	13.014	16.360	19.245	23.560	25.980	28.223	35.451	
3 classes, kappa=0.249   0.000	13.812	16.498	19.797	23.411	25.941	28.670	34.945	
3 classes, kappa=0.250   0.000	13.935	16.605	19.666	23.301	25.625	28.446	35.635	
3 classes, kappa=0.250   0.000	13.812	16.068	19.705	23.441	25.651	28.512	35.390	
3 classes, kappa=0.252   0.000	13.321	16.682	19.725	23.253	25.607	28.131	34.899	
3 classes, kappa=0.253   0.000	13.567	16.728	19.732	23.652	25.612	28.321	35.390	
3 classes, kappa=0.253   0.000	14.365	16.667	19.679	23.226	25.594	28.427	35.129	
3 classes, kappa=0.253   0.000	14.487	16.145	19.383	23.297	25.441	28.177	35.083	
3 classes, kappa=0.253   0.000	13.812	16.099	19.508	23.169	25.651	28.354	34.791	
3 classes, kappa=0.254   0.000	14.610	15.945	19.317	23.130	25.384	27.716	34.607	
3 classes, kappa=0.255   0.000	13.935	16.436	19.120	22.954	25.296	28.045	35.758	
3 classes, kappa=0.256   0.000	13.935	16.237	19.370	23.060	25.331	28.019	34.285	
3 classes, kappa=0.257   0.000	14.303	16.483	19.547	23.599	25.550	28.262	34.546	
3 classes, kappa=0.257   0.000	13.321	16.467	19.429	23.086	25.765	28.302	35.451	
3 classes, kappa=0.257   0.000	14.242	16.452	19.876	23.323	25.581	28.387	35.421	
3 classes, kappa=0.257   0.000	12.953	15.807	19.278	23.231	25.362	27.986	34.730	
3 classes, kappa=0.257   0.000	13.260	16.053	19.265	23.147	25.309	28.104	35.068	
3 classes, kappa=0.257   0.000	13.874	16.897	19.396	23.318	25.463	27.999	35.098	
3 classes, kappa=0.258   0.000	14.119	16.145	19.449	23.139	25.300	28.295	34.945	
3 classes, kappa=0.258   0.000	13.505	16.145	19.771	23.165	25.520	28.170	34.822	
3 classes, kappa=0.258   0.000	13.996	16.498	19.587	23.196	25.528	27.723	35.006	
3 classes, kappa=0.260   0.000	14.119	16.436	19.528	23.174	25.296	27.874	34.546	
3 classes, kappa=0.260   0.000	13.198	16.314	19.541	23.073	25.406	28.243	35.083	
3 classes, kappa=0.261   0.000	13.198	16.406	19.298	23.367	25.384	27.927	35.282	
3 classes, kappa=0.262   0.000	13.812	16.007	19.390	23.007	25.366	27.762	34.530	
3 classes, kappa=0.263   0.000	13.260	16.360	19.403	22.718	25.300	27.684	34.285	
3 classes, kappa=0.265   0.000	13.751	16.314	19.100	23.033	25.353	27.637	34.776	
3 classes, kappa=0.266   0.000	13.137	16.206	19.508	23.068	25.204	27.374	34.408	
3 classes, kappa=0.267   0.000	13.628	16.268	19.423	22.854	25.178	27.664	34.853	
3 classes, kappa=0.267   0.000	13.996	16.559	19.672	22.906	25.524	28.045	34.638	
3 classes, kappa=0.268   0.000	14.365	16.713	19.501	23.073	25.077	27.565	35.206	
3 classes, kappa=0.268   0.000	13.321	15.884	19.383	22.735	24.822	27.703	34.807	
3 classes, kappa=0.268   0.000	14.119	16.329	19.751	23.196	25.449	27.953	34.853	
3 classes, kappa=0.268   0.000	13.751	16.344	19.337	22.950	25.419	27.901	34.622	
3 classes, kappa=0.268   0.000	12.707	16.390	19.265	22.911	25.173	27.894	34.454	
3 classes, kappa=0.268   0.000	14.119	16.682	19.547	23.178	25.445	28.012	34.469	
3 classes, kappa=0.269   0.000	13.076	16.544	19.252	22.941	25.305	27.519	34.147	
3 classes, kappa=0.269   0.000	13.567	16.176	19.311	22.880	25.077	27.736	34.745	
3 classes, kappa=0.269   0.000	14.426	16.559	19.344	23.169	25.094	27.637	34.684	
3 classes, kappa=0.269   0.000	13.812	16.452	19.363	22.963	25.094	27.664	34.684	
3 classes, kappa=0.270   0.000	13.444	16.406	19.515	22.801	25.050	27.532	34.546	
3 classes, kappa=0.272   0.000	13.628	16.130	19.291	22.862	24.928	27.585	34.331	
3 classes, kappa=0.274   0.000	13.198	16.651	19.173	22.788	24.932	27.388	34.285	
3 classes, kappa=0.274   0.000	13.137	16.483	19.153	22.902	25.103	27.677	33.809	
3 classes, kappa=0.274   0.000	13.444	16.651	19.067	22.485	24.809	27.315	33.993	
3 classes, kappa=0.275   0.000	13.567	16.252	19.284	22.643	24.678	27.203	34.454	
3 classes, kappa=0.276   0.000	12.707	15.991	19.212	22.380	24.822	27.203	34.622	
3 classes, kappa=0.277   0.000	13.505	16.298	19.179	22.779	24.822	27.197	34.009	
3 classes, kappa=0.278   0.000	13.505	16.083	19.166	22.709	24.928	27.341	34.346	
3 classes, kappa=0.278   0.000	13.935	16.145	19.291	22.512	24.708	27.401	33.778	
3 classes, kappa=0.278   0.000	13.567	15.838	18.627	22.582	24.564	27.124	33.809	
3 classes, kappa=0.278   0.000	13.874	16.176	19.284	22.542	24.686	27.315	34.101	
3 classes, kappa=0.279   0.000	13.689	15.884	18.817	22.582	24.647	27.046	34.147	
3 classes, kappa=0.279   0.000	14.487	15.915	19.061	22.696	24.743	27.243	33.901	
3 classes, kappa=0.280   0.000	14.426	15.823	19.028	22.398	24.551	26.999	33.824	
3 classes, kappa=0.281   0.000	13.321	16.621	19.133	22.534	24.836	27.295	33.594	
3 classes, kappa=0.281   0.000	13.935	16.037	18.929	22.472	24.419	26.763	33.932	
3 classes, kappa=0.281   0.000	12.584	16.068	18.646	22.249	24.502	26.618	33.425	
3 classes, kappa=0.281   0.000	12.953	15.961	18.988	22.433	24.502	27.151	34.024	
3 classes, kappa=0.282   0.000	13.137	16.252	18.923	22.424	24.546	26.914	33.211	
3 classes, kappa=0.283   0.000	14.487	15.991	18.916	22.113	24.173	26.868	33.625	
3 classes, kappa=0.284   0.000	12.891	15.899	18.831	22.319	24.209	26.993	33.195	
3 classes, kappa=0.285   0.000	12.891	15.853	18.811	22.064	24.305	26.467	32.980	
3 classes, kappa=0.285   0.000	13.321	16.329	18.765	22.441	24.599	26.743	33.579	
3 classes, kappa=0.285   0.000	13.996	16.068	18.850	22.082	24.309	26.842	33.011	
3 classes, kappa=0.286   0.000	13.751	15.899	18.831	22.209	24.230	26.756	33.947	
3 classes, kappa=0.286   0.000	12.953	15.823	18.942	21.924	24.187	26.519	32.934	
3 classes, kappa=0.287   0.000	12.646	15.838	18.765	21.950	24.073	26.427	33.840	
3 classes, kappa=0.288   0.000	13.812	15.715	18.502	21.814	24.002	26.717	32.489	
3 classes, kappa=0.289   0.000	13.321	16.237	18.607	21.867	24.169	26.809	33.333	
3 classes, kappa=0.289   0.000	13.137	15.577	18.272	22.038	24.191	26.375	33.042	
3 classes, kappa=0.289   0.000	12.400	15.684	18.725	22.139	24.213	26.697	32.934	
3 classes, kappa=0.289   0.000	14.180	15.700	18.627	22.235	24.283	26.605	33.349	
3 classes, kappa=0.289   0.000	13.321	15.454	18.443	22.139	24.248	26.776	33.333	
3 classes, kappa=0.289   0.000	13.198	15.792	18.712	21.722	24.283	26.434	33.088	
3 classes, kappa=0.290   0.000	13.444	16.007	18.482	22.323	24.029	26.342	32.980	
3 classes, kappa=0.290   0.000	13.567	15.792	18.462	21.885	23.981	26.315	32.673	
3 classes, kappa=0.290   0.000	13.321	15.684	18.508	21.450	23.897	26.440	33.794	
3 classes, kappa=0.290   0.000	14.242	16.145	18.752	21.911	24.020	26.730	32.812	
3 classes, kappa=0.290   0.000	13.137	15.807	18.449	22.117	23.792	26.381	33.579	
3 classes, kappa=0.291   0.000	13.382	15.807	18.627	21.727	24.230	26.276	33.072	
3 classes, kappa=0.291   0.000	12.339	15.930	18.719	21.788	24.059	26.480	32.750	
3 classes, kappa=0.292   0.000	13.628	16.406	18.844	21.985	23.932	26.638	33.226	
3 classes, kappa=0.292   0.000	14.180	16.114	18.692	22.025	24.160	26.414	33.640	
3 classes, kappa=0.292   0.000	13.137	16.191	18.508	21.885	24.173	26.611	33.257	
3 classes, kappa=0.293   0.000	12.462	15.930	18.508	22.121	23.963	26.098	32.566	
3 classes, kappa=0.293   0.000	12.891	15.439	18.357	21.950	23.932	26.348	33.226	
3 classes, kappa=0.294   0.000	12.953	15.884	18.600	21.928	23.862	25.980	33.272	
3 classes, kappa=0.296   0.000	13.812	15.823	18.574	21.705	24.002	26.256	32.765	
3 classes, kappa=0.298   0.000	12.891	15.408	18.673	21.604	23.814	26.329	32.827	
3 classes, kappa=0.298   0.000	13.812	14.979	17.976	21.450	23.612	25.789	32.474	
3 classes, kappa=0.299   0.000	12.891	15.700	18.219	21.907	23.823	26.092	32.750	
3 classes, kappa=0.299   0.000	12.646	15.301	18.028	21.192	23.753	26.019	32.597	
3 classes, kappa=0.299   0.000	12.216	15.163	17.890	21.385	23.301	25.954	32.919	
3 classes, kappa=0.299   0.000	12.646	15.531	18.002	21.700	23.507	25.908	32.397	
3 classes, kappa=0.300   0.000	12.277	15.301	17.811	21.091	23.503	25.822	32.612	
3 classes, kappa=0.300   0.000	13.444	15.009	17.811	21.222	23.275	25.802	32.627	
3 classes, kappa=0.301   0.000	12.216	15.025	17.831	20.898	23.305	25.579	32.305	
3 classes, kappa=0.303   0.000	12.707	14.979	17.956	20.994	23.560	25.599	32.551	
3 classes, kappa=0.304   0.000	12.339	15.178	17.752	21.003	23.345	25.697	32.443	
3 classes, kappa=0.304   0.000	12.830	14.932	17.831	20.670	23.099	25.526	32.382	
3 classes, kappa=0.305   0.000	12.400	14.948	17.351	20.867	22.985	25.572	32.443	
3 classes, kappa=0.306   0.000	12.155	15.040	17.456	20.986	22.924	25.276	32.182	
3 classes, kappa=0.308   0.000	13.014	14.610	17.587	20.880	23.130	25.487	31.829	
3 classes, kappa=0.310   0.000	12.032	14.886	17.555	21.082	23.218	25.342	31.430	
3 classes, kappa=0.311   0.000	11.479	15.209	17.495	20.692	22.946	25.441	32.167	
3 classes, kappa=0.312   0.000	12.400	14.810	17.719	20.622	22.775	24.895	31.845	
3 classes, kappa=0.314   0.000	11.848	14.825	17.798	20.736	22.661	25.349	32.106	
3 classes, kappa=0.315   0.000	12.462	14.932	17.870	20.530	22.810	25.533	31.753	
3 classes, kappa=0.315   0.000	11.971	14.764	17.403	20.670	23.077	24.967	32.244	
3 classes, kappa=0.316   0.000	13.137	14.426	17.712	20.591	22.858	25.151	31.476	
3 classes, kappa=0.316   0.000	11.295	14.917	17.548	20.981	22.656	25.145	30.924	
3 classes, kappa=0.316   0.000	11.909	14.886	17.627	20.679	22.876	25.132	31.753	
3 classes, kappa=0.317   0.000	12.646	15.055	17.232	20.666	22.911	25.066	31.139	
3 classes, kappa=0.318   0.000	12.216	14.487	17.160	20.652	22.783	25.026	31.185	
3 classes, kappa=0.320   0.000	12.400	14.549	17.298	20.517	22.691	25.132	31.077	
3 classes, kappa=0.320   0.000	12.032	14.626	17.469	20.631	22.529	25.053	31.507	
3 classes, kappa=0.320   0.000	12.523	14.825	17.594	20.828	23.025	24.704	31.231	
3 classes, kappa=0.320   0.000	12.707	14.718	17.627	20.609	22.862	25.039	31.461	
3 classes, kappa=0.321   0.000	12.339	14.518	17.601	20.745	22.626	25.046	31.369	
3 classes, kappa=0.321   0.000	11.786	14.687	17.469	20.731	22.621	24.612	31.599	
3 classes, kappa=0.321   0.000	12.339	14.533	17.397	20.495	22.612	24.743	31.461	
3 classes, kappa=0.322   0.000	12.093	14.656	17.272	20.411	22.976	24.921	31.246	
3 classes, kappa=0.322   0.000	11.909	14.380	17.344	20.363	22.643	24.776	31.661	
3 classes, kappa=0.323   0.000	11.909	15.009	17.403	20.438	22.858	24.730	30.893	
3 classes, kappa=0.323   0.000	11.971	14.441	17.042	20.495	22.604	24.599	30.816	
3 classes, kappa=0.323   0.000	11.725	15.055	17.627	20.714	22.937	25.013	31.169	
3 classes, kappa=0.324   0.000	11.725	15.086	17.732	20.622	22.731	24.803	30.786	
3 classes, kappa=0.324   0.000	11.725	14.733	17.581	20.574	22.327	24.895	31.108	
3 classes, kappa=0.324   0.000	12.339	14.457	17.370	20.731	22.595	24.625	31.200	
3 classes, kappa=0.324   0.000	11.541	14.794	17.502	20.766	22.801	24.842	31.430	
3 classes, kappa=0.324   0.000	11.909	15.025	17.607	20.547	22.683	25.092	31.384	
3 classes, kappa=0.324   0.000	12.277	14.825	17.278	20.477	22.718	24.796	31.507	
3 classes, kappa=0.324   0.000	11.909	14.825	17.397	20.784	22.683	24.625	31.476	
3 classes, kappa=0.324   0.000	12.093	14.794	17.541	20.473	22.599	24.961	31.185	
3 classes, kappa=0.324   0.000	11.848	15.132	17.298	20.648	22.621	25.118	31.001	
3 classes, kappa=0.324   0.000	12.400	14.579	17.305	20.552	22.713	24.901	31.722	
3 classes, kappa=0.324   0.000	12.093	14.457	17.173	20.346	22.507	24.796	30.955	
3 classes, kappa=0.325   0.000	12.339	14.365	17.199	20.210	22.512	24.822	30.909	
3 classes, kappa=0.325   0.000	11.848	14.748	17.226	20.262	22.494	24.908	30.724	
3 classes, kappa=0.325   0.000	12.400	14.810	17.502	20.780	22.911	24.928	31.430	
3 classes, kappa=0.325   0.000	11.602	14.764	17.364	20.438	22.669	24.809	31.492	
3 classes, kappa=0.326   0.000	13.321	14.871	17.081	20.503	22.341	24.579	30.816	
3 classes, kappa=0.326   0.000	12.830	14.779	17.292	20.495	22.463	24.855	30.678	
3 classes, kappa=0.326   0.000	11.848	14.764	17.318	20.538	22.433	24.599	31.630	
3 classes, kappa=0.328   0.000	12.830	14.641	17.199	20.293	22.705	24.665	30.724	
3 classes, kappa=0.328   0.000	12.400	14.840	17.430	20.403	22.275	24.651	31.016	
3 classes, kappa=0.328   0.000	12.216	14.748	17.147	20.236	22.428	24.415	30.801	
3 classes, kappa=0.329   0.000	11.909	14.227	17.292	20.398	22.297	24.546	31.384	
3 classes, kappa=0.330   0.000	12.032	14.472	17.074	20.188	22.288	24.467	31.446	
3 classes, kappa=0.331   0.000	12.584	14.365	17.252	20.183	22.406	24.342	30.955	
3 classes, kappa=0.333   0.000	12.584	14.365	17.239	20.267	22.218	24.559	31.139	
3 classes, kappa=0.333   0.000	12.277	14.088	16.936	20.012	22.354	24.224	30.816	
3 classes, kappa=0.334   0.000	11.479	14.073	16.739	20.025	22.038	24.040	30.571	
3 classes, kappa=0.334   0.000	11.418	13.920	16.588	19.473	22.029	23.882	31.231	
3 classes, kappa=0.335   0.000	11.848	13.920	16.614	19.732	22.069	24.263	30.402	
3 classes, kappa=0.337   0.000	11.664	13.766	16.726	19.903	22.078	24.237	30.786	
3 classes, kappa=0.337   0.000	11.234	14.165	16.640	19.723	21.889	24.237	31.200	
3 classes, kappa=0.337   0.000	10.927	14.180	16.673	19.789	21.749	24.073	30.786	
3 classes, kappa=0.338   0.000	10.804	13.889	16.640	19.565	21.946	24.237	30.525	
3 classes, kappa=0.338   0.000	11.848	14.242	16.746	19.789	22.042	23.948	30.724	
3 classes, kappa=0.338   0.000	10.927	14.288	16.654	19.697	21.885	24.013	30.755	
3 classes, kappa=0.338   0.000	11.295	13.874	16.693	19.697	21.946	23.856	30.893	
3 classes, kappa=0.338   0.000	11.295	13.521	16.193	19.359	21.538	24.079	30.510	
3 classes, kappa=0.339   0.000	11.295	13.643	16.686	19.609	21.806	24.171	29.911	
3 classes, kappa=0.339   0.000	10.804	13.582	16.535	19.622	21.828	23.961	30.586	
3 classes, kappa=0.340   0.000	11.172	14.088	16.226	19.416	21.784	23.915	30.325	
3 classes, kappa=0.340   0.000	11.234	13.797	16.344	19.574	21.683	23.882	30.602	
3 classes, kappa=0.340   0.000	10.988	13.874	16.555	19.473	21.648	23.810	29.742	
3 classes, kappa=0.340   0.000	11.172	13.643	16.443	19.482	21.854	23.737	30.448	
3 classes, kappa=0.340   0.000	10.927	13.766	16.529	19.587	21.569	23.763	30.295	
3 classes, kappa=0.341   0.000	11.295	13.720	16.436	19.315	21.573	23.790	30.187	
3 classes, kappa=0.341   0.000	11.602	13.521	16.173	19.740	21.433	23.678	31.062	
3 classes, kappa=0.341   0.000	10.927	14.119	16.279	19.451	21.547	23.612	30.525	
3 classes, kappa=0.341   0.000	11.295	13.935	16.311	19.556	21.705	23.783	30.448	
3 classes, kappa=0.342   0.000	11.602	13.244	16.311	19.258	21.626	23.671	29.865	
3 classes, kappa=0.342   0.000	11.418	13.521	16.265	18.977	21.538	23.698	29.819	
3 classes, kappa=0.342   0.000	11.172	13.444	15.943	19.201	21.363	23.481	29.665	
3 classes, kappa=0.342   0.000	10.988	13.582	16.318	19.232	21.437	23.645	30.233	
3 classes, kappa=0.342   0.000	11.111	13.490	16.167	19.376	21.420	23.566	30.571	
3 classes, kappa=0.342   0.000	11.725	13.643	16.311	19.328	21.376	23.731	30.034	
3 classes, kappa=0.343   0.000	10.559	13.306	15.923	19.131	21.271	23.290	29.865	
3 classes, kappa=0.343   0.000	11.295	13.367	16.384	19.245	21.284	23.836	30.034	
3 classes, kappa=0.343   0.000	11.541	13.475	16.318	19.289	21.376	23.250	29.435	
3 classes, kappa=0.343   0.000	10.681	13.613	16.226	19.359	21.433	23.540	30.279	
3 classes, kappa=0.344   0.000	12.032	13.505	16.068	19.021	21.336	23.553	29.589	
3 classes, kappa=0.345   0.000	10.436	13.505	16.002	19.311	21.284	23.592	29.190	
3 classes, kappa=0.347   0.000	10.988	13.076	16.272	18.899	21.179	23.106	29.788	
3 classes, kappa=0.347   0.000	11.418	13.244	16.233	19.056	21.043	23.237	29.788	
3 classes, kappa=0.347   0.000	10.559	13.321	15.858	18.947	21.078	23.408	29.896	
3 classes, kappa=0.348   0.000	10.497	13.428	15.509	18.885	21.122	23.290	29.788	
3 classes, kappa=0.349   0.000	10.743	12.983	15.845	18.653	21.069	23.158	29.113	
3 classes, kappa=0.350   0.000	11.111	13.014	15.845	18.749	20.749	23.237	29.343	
3 classes, kappa=0.350   0.000	11.234	13.152	15.884	19.008	21.236	23.112	30.049	
3 classes, kappa=0.351   0.000	10.743	13.076	15.726	18.596	20.819	22.744	29.512	
3 classes, kappa=0.351   0.000	10.866	12.723	15.917	18.530	20.929	22.994	29.773	
3 classes, kappa=0.351   0.000	10.497	13.275	15.766	18.684	20.574	22.908	29.174	
3 classes, kappa=0.353   0.000	9.699	13.045	15.772	18.482	20.784	22.573	29.236	
3 classes, kappa=0.353   0.000	10.190	12.830	15.772	18.592	20.837	22.928	29.896	
3 classes, kappa=0.353   0.000	10.006	13.014	15.884	18.561	20.845	22.981	29.036	
3 classes, kappa=0.353   0.000	10.927	13.214	15.996	18.859	20.815	22.783	29.266	
3 classes, kappa=0.353   0.000	10.804	12.999	15.641	18.706	20.481	22.783	29.512	
3 classes, kappa=0.354   0.000	11.479	12.999	15.739	18.684	20.832	22.560	29.665	
3 classes, kappa=0.354   0.000	10.313	12.953	15.851	18.793	20.832	22.764	29.405	
3 classes, kappa=0.355   0.000	10.129	13.152	15.641	18.798	20.670	23.001	29.067	
3 classes, kappa=0.355   0.000	10.497	12.845	15.595	18.438	20.582	22.698	29.159	
3 classes, kappa=0.357   0.000	11.418	13.014	15.752	18.530	20.477	22.566	29.220	
3 classes, kappa=0.359   0.000	11.111	12.968	15.693	18.372	20.508	22.316	29.190	
3 classes, kappa=0.359   0.000	10.313	12.569	15.502	18.355	20.442	22.573	29.220	
3 classes, kappa=0.360   0.000	10.804	12.876	15.568	18.438	20.403	22.520	28.806	
3 classes, kappa=0.361   0.000	11.295	13.152	15.378	18.311	20.310	22.316	29.174	
3 classes, kappa=0.362   0.000	10.927	13.152	15.509	18.280	20.240	22.566	28.898	
3 classes, kappa=0.363   0.000	10.374	12.922	15.562	18.285	20.433	22.376	28.468	
3 classes, kappa=0.363   0.000	10.681	12.784	15.542	18.504	20.346	22.402	28.883	
3 classes, kappa=0.364   0.000	9.454	12.538	15.233	18.074	20.302	22.428	28.806	
3 classes, kappa=0.364   0.000	10.620	12.646	15.476	18.425	20.403	22.461	29.128	
3 classes, kappa=0.364   0.000	10.559	12.723	15.266	18.000	20.148	22.001	28.745	
3 classes, kappa=0.365   0.000	9.638	12.830	15.154	17.640	20.363	22.027	28.407	
3 classes, kappa=0.367   0.000	10.252	12.784	15.483	17.868	19.960	22.178	28.054	
3 classes, kappa=0.368   0.000	9.945	12.462	15.068	18.127	20.118	22.172	28.653	
3 classes, kappa=0.369   0.000	9.761	12.600	15.147	17.872	19.837	22.047	29.006	
3 classes, kappa=0.369   0.000	10.497	12.201	15.207	17.912	19.986	22.211	28.607	
3 classes, kappa=0.369   0.000	10.313	12.784	15.174	17.899	19.925	21.757	28.376	
3 classes, kappa=0.369   0.000	10.988	12.784	15.404	17.929	20.135	22.192	28.591	
3 classes, kappa=0.370   0.000	10.068	12.600	15.200	17.872	19.977	22.145	28.039	
3 classes, kappa=0.370   0.000	10.559	12.231	14.832	17.815	19.920	21.909	29.282	
3 classes, kappa=0.370   0.000	9.945	12.063	15.095	17.583	19.894	22.093	28.039	
3 classes, kappa=0.370   0.000	9.331	11.940	14.970	17.627	19.850	22.303	29.159	
3 classes, kappa=0.370   0.000	10.804	12.400	15.095	17.754	19.692	22.001	28.361	
3 classes, kappa=0.371   0.000	9.699	12.324	14.851	17.618	19.898	21.817	27.977	
3 classes, kappa=0.371   0.000	10.252	12.477	15.075	17.715	19.990	21.882	28.223	
3 classes, kappa=0.372   0.000	9.147	12.247	15.029	17.557	19.968	21.994	28.407	
3 classes, kappa=0.372   0.000	10.190	12.293	15.160	17.618	19.701	21.869	28.161	
3 classes, kappa=0.372   0.000	9.699	12.231	15.049	17.254	19.653	21.711	28.146	
3 classes, kappa=0.373   0.000	10.497	12.630	14.983	17.732	19.819	21.882	28.760	
3 classes, kappa=0.373   0.000	9.392	12.446	14.799	17.395	19.499	21.718	27.640	
3 classes, kappa=0.374   0.000	10.190	12.170	14.818	17.131	19.789	21.554	27.594	
3 classes, kappa=0.375   0.000	8.901	11.740	14.654	17.425	19.512	21.725	27.808	
3 classes, kappa=0.376   0.000	10.068	12.093	14.740	17.276	19.534	21.514	27.640	
3 classes, kappa=0.376   0.000	9.883	12.047	14.930	17.289	19.455	21.692	27.594	
3 classes, kappa=0.377   0.000	9.638	11.694	14.733	17.478	19.355	21.593	28.300	
3 classes, kappa=0.377   0.000	10.436	12.139	14.818	17.530	19.705	21.461	27.164	
3 classes, kappa=0.377   0.000	10.006	11.740	14.536	17.136	19.517	21.567	27.977	
3 classes, kappa=0.378   0.000	9.761	11.955	14.430	17.127	19.333	21.665	27.701	
3 classes, kappa=0.380   0.000	9.761	12.063	14.687	17.285	19.508	21.415	27.701	
3 classes, kappa=0.381   0.000	9.699	11.802	14.608	17.145	19.412	21.475	27.348	
3 classes, kappa=0.383   0.000	9.638	11.848	14.601	17.079	19.315	21.626	27.686	
3 classes, kappa=0.383   0.000	9.331	11.863	14.227	17.031	19.061	21.290	27.885	
3 classes, kappa=0.383   0.000	9.392	11.433	14.148	17.013	19.048	21.146	27.655	
3 classes, kappa=0.384   0.000	8.656	11.495	14.141	17.070	19.065	21.146	27.716	
3 classes, kappa=0.385   0.000	9.208	11.433	14.213	16.899	19.184	21.317	27.778	
3 classes, kappa=0.386   0.000	9.331	11.771	14.398	16.798	19.109	20.916	27.762	
3 classes, kappa=0.388   0.000	8.963	11.802	14.259	16.899	19.013	21.152	28.131	
3 classes, kappa=0.389   0.000	9.024	11.341	13.878	16.728	19.004	21.284	26.611	
3 classes, kappa=0.389   0.000	8.963	11.280	14.042	16.632	18.723	20.975	27.103	
3 classes, kappa=0.390   0.000	9.515	11.111	14.016	16.575	18.675	20.777	27.072	
3 classes, kappa=0.391   0.000	9.085	11.172	14.016	16.605	18.942	20.751	27.225	
3 classes, kappa=0.393   0.000	10.068	11.188	13.937	16.763	18.618	20.534	26.888	
3 classes, kappa=0.393   0.000	8.778	11.142	14.207	16.535	18.675	20.738	27.379	
3 classes, kappa=0.394   0.000	9.208	11.433	13.628	16.570	18.535	20.613	26.780	
3 classes, kappa=0.396   0.000	9.024	10.758	13.773	16.276	18.526	20.449	27.118	
3 classes, kappa=0.397   0.000	9.392	10.942	13.746	16.158	18.359	20.376	26.427	
3 classes, kappa=0.399   0.000	9.761	11.433	13.667	16.439	18.508	20.449	27.302	
3 classes, kappa=0.400   0.000	8.840	11.034	13.608	16.097	18.548	20.264	26.258	
3 classes, kappa=0.400   0.000	8.778	11.096	13.681	16.053	18.355	20.218	27.317	
3 classes, kappa=0.401   0.000	8.533	10.896	13.707	15.777	18.166	20.251	26.258	
3 classes, kappa=0.402   0.000	9.024	11.157	13.464	16.311	18.434	20.199	26.458	
3 classes, kappa=0.402   0.000	9.515	10.912	13.661	16.123	18.451	20.284	26.320	
3 classes, kappa=0.402   0.000	8.717	10.927	13.733	16.311	18.276	20.370	26.120	
3 classes, kappa=0.402   0.000	9.208	10.866	13.753	16.338	17.995	20.251	26.596	
3 classes, kappa=0.402   0.000	9.454	10.927	13.595	15.978	18.179	20.455	26.182	
3 classes, kappa=0.403   0.000	9.024	11.034	13.339	16.101	17.991	20.370	26.427	
3 classes, kappa=0.403   0.000	8.226	11.019	13.253	15.961	18.000	20.087	26.120	
3 classes, kappa=0.404   0.000	8.901	10.497	13.556	15.873	18.026	20.100	26.182	
3 classes, kappa=0.404   0.000	9.085	10.773	13.108	15.917	18.079	19.890	26.443	
3 classes, kappa=0.404   0.000	8.840	10.927	13.385	15.969	18.197	20.080	26.703	
3 classes, kappa=0.405   0.000	8.901	10.482	13.293	15.956	17.982	19.995	25.859	
3 classes, kappa=0.405   0.000	8.103	10.850	13.628	16.123	18.197	20.021	26.673	
3 classes, kappa=0.406   0.000	8.778	10.681	13.141	15.781	17.916	19.876	25.967	
3 classes, kappa=0.407   0.000	7.980	10.482	13.076	15.549	17.631	19.837	26.489	
3 classes, kappa=0.408   0.000	8.778	10.405	13.273	15.908	17.767	19.594	26.627	
3 classes, kappa=0.409   0.000	7.489	10.651	13.016	15.768	17.544	19.666	26.335	
3 classes, kappa=0.410   0.000	7.858	10.513	13.253	15.588	17.719	19.817	26.182	
3 classes, kappa=0.410   0.000	7.673	10.467	13.082	15.711	17.609	19.725	26.013	
3 classes, kappa=0.411   0.000	8.594	10.252	12.983	15.522	17.623	19.515	25.737	
3 classes, kappa=0.412   0.000	8.226	10.497	13.016	15.544	17.728	19.416	25.522	
3 classes, kappa=0.413   0.000	8.226	10.144	12.707	15.592	17.618	19.482	25.691	
3 classes, kappa=0.414   0.000	8.165	10.712	12.990	15.715	17.509	19.475	25.706	
3 classes, kappa=0.414   0.000	8.165	10.605	12.885	15.509	17.557	19.488	25.752	
3 classes, kappa=0.414   0.000	7.735	10.528	12.707	15.627	17.311	19.429	25.261	
3 classes, kappa=0.414   0.000	8.778	10.267	13.128	15.285	17.329	19.758	25.399	
3 classes, kappa=0.414   0.000	8.901	10.421	13.128	15.575	17.614	19.488	25.614	
3 classes, kappa=0.415   0.000	8.778	10.405	12.694	15.518	17.338	19.508	25.552	
3 classes, kappa=0.417   0.000	9.085	10.528	12.977	15.351	17.412	19.442	25.460	
3 classes, kappa=0.418   0.000	7.980	10.359	12.872	15.338	17.219	19.140	25.752	
3 classes, kappa=0.419   0.000	7.796	10.559	13.043	15.527	17.316	19.245	26.059	
3 classes, kappa=0.420   0.000	7.735	10.405	12.543	15.224	17.298	19.146	25.230	
3 classes, kappa=0.420   0.000	9.515	10.574	12.845	15.268	17.373	19.311	25.844	
3 classes, kappa=0.420   0.000	8.287	10.374	13.010	15.391	17.522	19.626	25.629	
3 classes, kappa=0.420   0.000	7.980	10.451	12.609	15.540	17.587	19.357	24.893	
3 classes, kappa=0.420   0.000	8.594	10.374	12.569	15.518	17.004	18.982	25.629	
3 classes, kappa=0.420   0.000	7.858	10.037	12.918	15.272	17.302	19.271	25.061	
3 classes, kappa=0.420   0.000	8.103	10.344	12.964	15.553	17.324	19.252	25.015	
3 classes, kappa=0.421   0.000	7.980	10.359	12.576	15.360	17.175	19.238	25.092	
3 classes, kappa=0.421   0.000	8.226	10.282	12.530	15.093	17.302	19.146	25.246	
3 classes, kappa=0.421   0.000	8.410	10.390	12.760	15.513	17.386	19.390	25.737	
3 classes, kappa=0.421   0.000	8.103	10.313	12.556	15.356	17.175	18.956	24.555	
3 classes, kappa=0.421   0.000	8.410	10.068	12.747	15.171	16.939	18.969	24.816	
3 classes, kappa=0.423   0.000	7.980	10.267	12.576	15.198	17.206	18.962	25.506	
3 classes, kappa=0.423   0.000	8.410	10.144	12.293	14.873	17.149	18.942	25.261	
3 classes, kappa=0.423   0.000	7.980	9.960	12.872	15.215	17.180	19.219	25.015	
3 classes, kappa=0.424   0.000	7.858	10.037	12.582	14.886	17.158	18.811	25.261	
3 classes, kappa=0.424   0.000	7.735	9.822	12.174	14.843	16.772	18.877	24.847	
3 classes, kappa=0.426   0.000	8.533	10.129	12.556	14.838	17.017	18.574	24.954	
3 classes, kappa=0.428   0.000	7.919	9.914	12.313	14.913	16.899	18.771	24.570	
3 classes, kappa=0.429   0.000	8.533	9.899	12.635	14.711	16.903	18.923	24.862	
3 classes, kappa=0.430   0.000	8.471	10.129	12.306	14.711	16.829	18.752	24.478	
3 classes, kappa=0.431   0.000	7.919	10.589	12.385	14.987	16.868	18.607	24.386	
3 classes, kappa=0.431   0.000	8.349	10.313	12.234	14.759	16.772	18.587	24.923	
3 classes, kappa=0.431   0.000	7.858	10.129	12.142	14.996	16.627	18.581	24.570	
3 classes, kappa=0.432   0.000	7.919	10.068	12.076	14.746	16.404	18.508	24.509	
3 classes, kappa=0.433   0.000	8.103	10.236	12.273	14.636	16.772	18.614	24.263	
3 classes, kappa=0.434   0.000	7.980	10.021	12.280	14.698	16.540	18.127	24.417	
3 classes, kappa=0.436   0.000	7.980	9.807	12.122	14.689	16.417	18.022	23.511	
3 classes, kappa=0.437   0.000	8.103	9.561	12.076	14.650	16.456	18.147	24.294	
3 classes, kappa=0.437   0.000	8.287	9.991	12.069	14.768	16.509	18.245	23.849	
3 classes, kappa=0.438   0.000	7.796	9.914	12.030	14.413	16.272	18.173	24.141	
3 classes, kappa=0.439   0.000	7.121	9.684	11.938	14.308	16.176	17.936	24.340	
3 classes, kappa=0.440   0.000	7.980	9.945	11.865	14.338	16.333	17.910	23.972	
3 classes, kappa=0.441   0.000	8.103	9.914	12.076	14.430	16.329	18.094	23.588	
3 classes, kappa=0.441   0.000	7.612	10.114	12.063	14.229	16.202	18.179	24.233	
3 classes, kappa=0.441   0.000	7.612	9.530	11.767	14.531	16.355	18.054	24.309	
3 classes, kappa=0.442   0.000	8.165	9.837	11.898	14.422	16.241	18.087	24.509	
3 classes, kappa=0.442   0.000	8.533	9.638	11.918	14.237	16.373	18.153	24.570	
3 classes, kappa=0.442   0.000	8.042	9.699	11.793	14.610	16.145	18.015	24.095	
3 classes, kappa=0.442   0.000	7.796	9.530	12.036	14.439	16.162	17.943	24.386	
3 classes, kappa=0.443   0.000	7.244	9.638	11.701	14.259	16.206	18.015	23.803	
3 classes, kappa=0.443   0.000	7.489	10.037	11.694	14.474	16.298	18.087	23.910	
3 classes, kappa=0.443   0.000	7.735	9.392	11.957	14.365	16.101	17.883	23.818	
3 classes, kappa=0.443   0.000	8.226	9.960	11.767	14.229	16.171	17.956	23.956	
3 classes, kappa=0.444   0.000	7.489	10.190	11.984	14.365	16.044	17.989	24.494	
3 classes, kappa=0.444   0.000	7.366	9.761	11.898	14.150	16.154	17.647	24.800	
3 classes, kappa=0.446   0.000	7.735	9.730	11.865	14.154	15.996	17.673	23.849	
3 classes, kappa=0.447   0.000	8.165	9.730	12.010	14.365	16.268	18.035	24.048	
3 classes, kappa=0.447   0.000	8.042	10.160	12.030	14.189	16.140	17.864	23.619	
3 classes, kappa=0.447   0.000	8.471	9.807	11.813	14.408	16.114	17.883	24.340	
3 classes, kappa=0.448   0.000	7.551	9.622	11.944	14.137	16.171	17.956	23.803	
3 classes, kappa=0.448   0.000	7.919	9.975	11.878	14.180	15.978	17.614	23.880	
3 classes, kappa=0.449   0.000	7.612	9.423	11.582	14.198	15.921	18.127	24.048	
3 classes, kappa=0.450   0.000	8.103	9.607	11.734	14.259	16.285	17.732	23.603	
3 classes, kappa=0.451   0.000	8.349	9.638	11.911	13.900	15.926	17.614	23.849	
3 classes, kappa=0.451   0.000	7.305	9.991	11.793	14.080	16.097	17.601	23.834	
3 classes, kappa=0.452   0.000	7.735	9.791	11.635	14.093	16.040	17.634	23.389	
3 classes, kappa=0.452   0.000	7.858	9.699	11.688	13.961	16.018	17.811	23.634	
3 classes, kappa=0.452   0.000	8.042	9.576	11.444	13.944	15.934	17.587	23.496	
3 classes, kappa=0.452   0.000	7.796	9.822	11.707	14.159	16.035	17.936	23.726	
3 classes, kappa=0.453   0.000	7.796	9.362	11.458	14.088	15.781	17.699	24.202	
3 classes, kappa=0.454   0.000	7.489	9.530	11.596	13.935	15.623	17.647	23.511	
3 classes, kappa=0.455   0.000	7.735	9.484	11.536	13.860	15.614	17.443	22.913	
3 classes, kappa=0.456   0.000	7.980	9.484	11.622	13.900	15.904	17.134	23.297	
3 classes, kappa=0.456   0.000	7.673	9.745	11.550	13.860	16.070	17.259	23.281	
3 classes, kappa=0.457   0.000	7.735	9.561	11.405	13.786	15.684	17.384	22.805	
3 classes, kappa=0.457   0.000	8.287	9.883	11.760	14.014	15.917	17.561	23.358	
3 classes, kappa=0.457   0.000	7.121	9.546	11.458	13.729	15.948	17.476	23.327	
3 classes, kappa=0.458   0.000	7.735	9.914	11.872	13.895	15.768	17.370	23.389	
3 classes, kappa=0.458   0.000	8.165	9.592	11.464	13.694	15.562	17.259	23.726	
3 classes, kappa=0.458   0.000	6.937	9.438	11.740	13.663	15.623	17.390	23.696	
3 classes, kappa=0.458   0.000	8.410	9.530	11.576	13.707	15.917	17.390	23.557	
3 classes, kappa=0.459   0.000	8.349	9.576	11.260	13.830	15.715	17.232	24.217	
3 classes, kappa=0.459   0.000	7.489	9.576	11.582	13.777	15.557	17.449	22.913	
3 classes, kappa=0.460   0.000	7.244	9.362	11.385	13.584	15.623	17.305	23.481	
3 classes, kappa=0.460   0.000	7.551	10.021	11.602	13.834	15.829	17.311	23.603	
3 classes, kappa=0.460   0.000	8.103	9.438	11.477	13.874	15.684	17.107	23.465	
3 classes, kappa=0.460   0.000	8.165	9.377	11.418	13.681	15.562	17.153	23.036	
3 classes, kappa=0.460   0.000	7.796	9.408	11.589	13.895	15.579	17.318	22.805	
3 classes, kappa=0.461   0.000	8.840	9.362	11.530	13.597	15.579	17.305	23.465	
3 classes, kappa=0.462   0.000	8.042	9.761	11.411	13.378	15.562	17.285	23.297	
3 classes, kappa=0.464   0.000	7.489	9.438	11.622	13.624	15.549	17.285	23.358	
3 classes, kappa=0.465   0.000	8.165	9.530	11.471	13.724	15.544	17.160	22.913	
3 classes, kappa=0.466   0.000	7.244	9.362	11.707	13.646	15.456	17.167	23.158	
3 classes, kappa=0.466   0.000	7.673	9.300	11.458	13.413	15.378	17.114	23.158	
3 classes, kappa=0.468   0.000	8.349	9.316	11.247	13.742	15.167	17.061	22.821	
3 classes, kappa=0.468   0.000	7.428	9.285	11.385	13.470	15.364	17.107	22.790	
3 classes, kappa=0.468   0.000	7.182	9.223	11.431	13.439	15.171	17.055	22.821	
3 classes, kappa=0.468   0.000	7.244	9.269	11.247	13.391	15.281	16.864	23.266	
3 classes, kappa=0.468   0.000	7.796	9.408	11.247	13.330	15.268	17.061	22.928	
3 classes, kappa=0.468   0.000	7.612	9.101	11.056	13.014	15.439	16.877	22.775	
3 classes, kappa=0.469   0.000	7.612	9.239	11.280	13.575	15.136	16.949	21.946	
3 classes, kappa=0.469   0.000	7.366	9.239	11.030	12.970	15.110	16.976	22.437	
3 classes, kappa=0.469   0.000	7.428	9.285	10.971	12.992	15.062	16.660	23.220	
3 classes, kappa=0.469   0.000	7.735	8.978	11.069	13.251	15.167	16.759	22.422	
3 classes, kappa=0.469   0.000	7.366	8.947	11.287	13.159	15.106	17.035	22.514	
3 classes, kappa=0.469   0.000	7.244	9.131	11.102	13.102	15.084	16.903	23.189	
3 classes, kappa=0.470   0.000	7.612	9.070	11.109	12.922	15.009	16.726	22.468	
3 classes, kappa=0.470   0.000	7.858	8.840	11.109	13.282	15.150	16.811	22.268	
3 classes, kappa=0.470   0.000	8.103	9.070	10.885	13.216	15.027	16.792	21.961	
3 classes, kappa=0.470   0.000	7.551	8.870	11.162	13.295	15.000	16.897	22.928	
3 classes, kappa=0.471   0.000	8.226	9.055	11.096	13.146	15.014	16.805	22.560	
3 classes, kappa=0.473   0.000	8.349	8.917	10.918	13.185	14.930	16.871	21.731	
3 classes, kappa=0.473   0.000	7.121	8.855	11.109	13.089	15.136	16.746	22.345	
3 classes, kappa=0.473   0.000	7.551	9.316	11.142	13.115	14.900	16.765	22.222	
3 classes, kappa=0.473   0.000	7.858	9.131	11.240	13.211	15.027	16.871	21.931	
3 classes, kappa=0.473   0.000	7.735	8.794	10.714	12.821	14.908	16.529	22.330	
3 classes, kappa=0.473   0.000	7.428	8.702	10.747	12.830	14.777	16.660	22.575	
3 classes, kappa=0.473   0.000	7.305	8.932	11.050	13.054	14.834	16.292	22.637	
3 classes, kappa=0.474   0.000	7.428	9.024	10.892	12.909	14.812	16.509	21.685	
3 classes, kappa=0.474   0.000	7.796	9.101	11.050	12.940	14.803	16.594	22.437	
3 classes, kappa=0.475   0.000	7.305	9.070	10.806	12.676	14.751	16.621	22.115	
3 classes, kappa=0.476   0.000	6.814	8.840	10.445	12.786	14.584	16.384	21.885	
3 classes, kappa=0.476   0.000	7.612	9.193	10.931	12.983	14.702	16.397	21.839	
3 classes, kappa=0.477   0.000	7.673	9.116	10.806	13.036	14.628	16.226	22.452	
3 classes, kappa=0.477   0.000	6.691	8.548	10.642	12.580	14.514	16.265	22.115	
3 classes, kappa=0.477   0.000	6.691	8.963	10.708	12.799	14.509	16.476	21.363	
3 classes, kappa=0.478   0.000	7.428	8.487	10.464	12.457	14.540	16.259	22.498	
3 classes, kappa=0.478   0.000	6.753	8.702	10.451	12.580	14.496	16.305	22.867	
3 classes, kappa=0.478   0.000	6.691	8.778	10.563	12.637	14.483	16.121	21.286	
3 classes, kappa=0.478   0.000	7.428	8.656	10.675	12.698	14.619	16.351	22.145	
3 classes, kappa=0.478   0.000	7.858	8.640	10.681	12.676	14.395	16.134	21.608	
3 classes, kappa=0.478   0.000	6.630	8.656	10.616	12.668	14.426	16.265	21.486	
3 classes, kappa=0.478   0.000	7.244	8.579	10.556	12.650	14.650	16.101	21.578	
3 classes, kappa=0.478   0.000	6.937	8.840	10.602	12.865	14.610	16.279	21.762	
3 classes, kappa=0.478   0.000	7.366	8.763	10.872	12.650	14.851	16.351	22.253	
3 classes, kappa=0.478   0.000	6.937	8.533	10.497	12.773	14.685	16.344	21.486	
3 classes, kappa=0.478   0.000	7.121	8.640	10.944	12.988	14.711	16.476	22.345	
3 classes, kappa=0.478   0.000	6.814	9.039	10.688	13.071	14.777	16.390	22.238	
3 classes, kappa=0.478   0.000	7.428	9.024	10.951	12.808	14.737	16.555	22.038	
3 classes, kappa=0.479   0.000	7.489	8.379	10.616	12.435	14.536	16.160	22.222	
3 classes, kappa=0.479   0.000	6.446	8.702	10.635	12.716	14.400	16.140	22.007	
3 classes, kappa=0.480   0.000	6.200	8.594	10.570	12.580	14.465	16.029	22.115	
3 classes, kappa=0.480   0.000	7.244	8.410	10.537	12.190	14.404	16.016	21.931	
3 classes, kappa=0.481   0.000	7.060	8.318	10.122	12.264	14.347	15.877	21.486	
3 classes, kappa=0.481   0.000	6.753	8.165	10.306	12.466	14.273	16.108	21.470	
3 classes, kappa=0.481   0.000	6.814	8.610	10.464	12.220	14.229	16.108	22.023	
3 classes, kappa=0.481   0.000	6.753	8.149	10.188	12.190	14.080	15.766	22.452	
3 classes, kappa=0.482   0.000	6.875	8.349	10.353	12.242	14.123	15.785	21.808	
3 classes, kappa=0.482   0.000	7.305	8.318	10.379	12.286	14.294	15.805	21.424	
3 classes, kappa=0.482   0.000	7.428	8.241	10.379	12.282	14.501	15.891	21.685	
3 classes, kappa=0.482   0.000	6.998	8.517	10.372	12.146	14.224	15.752	21.900	
3 classes, kappa=0.483   0.000	7.428	8.118	10.254	11.935	14.185	15.595	21.900	
3 classes, kappa=0.483   0.000	6.507	8.364	10.195	11.962	14.058	15.687	21.424	
3 classes, kappa=0.483   0.000	6.568	7.980	9.991	12.023	13.812	15.391	21.946	
3 classes, kappa=0.483   0.000	6.568	8.072	10.175	12.199	14.031	15.627	21.378	
3 classes, kappa=0.483   0.000	6.262	7.904	10.122	11.979	13.952	15.614	21.117	
3 classes, kappa=0.483   0.000	6.691	7.719	9.780	12.028	13.952	15.404	21.670	
3 classes, kappa=0.484   0.000	6.507	8.118	10.089	11.931	13.966	15.641	21.393	
3 classes, kappa=0.485   0.000	6.630	7.919	9.649	11.988	13.606	15.318	21.194	
3 classes, kappa=0.486   0.000	6.568	7.858	9.761	11.637	13.724	15.213	21.624	
3 classes, kappa=0.488   0.000	6.446	7.842	9.846	11.677	13.821	15.325	20.994	
3 classes, kappa=0.488   0.000	6.446	7.766	9.583	11.778	13.672	15.272	21.516	
3 classes, kappa=0.489   0.000	6.446	8.134	9.820	11.633	13.703	15.299	20.810	
3 classes, kappa=0.489   0.000	6.384	7.827	9.872	11.563	13.781	15.312	21.087	
3 classes, kappa=0.490   0.000	6.691	7.980	9.688	11.826	13.834	15.141	21.347	
3 classes, kappa=0.491   0.000	6.139	8.241	9.780	11.475	13.523	15.134	20.826	
3 classes, kappa=0.493   0.000	6.016	7.766	9.741	11.567	13.589	14.924	20.565	
3 classes, kappa=0.494   0.000	6.323	7.827	9.695	11.681	13.689	14.924	20.994	
3 classes, kappa=0.494   0.000	6.077	8.134	10.129	11.940	13.689	15.246	21.225	
3 classes, kappa=0.495   0.000	6.875	7.842	9.642	11.523	13.439	15.114	20.626	
3 classes, kappa=0.495   0.000	7.428	8.180	9.826	11.523	13.501	15.009	20.948	
3 classes, kappa=0.495   0.000	6.384	7.980	9.537	11.422	13.466	14.950	20.534	
3 classes, kappa=0.496   0.000	6.630	7.904	10.063	11.620	13.716	15.285	20.611	
3 classes, kappa=0.496   0.000	6.446	7.965	9.774	11.620	13.361	15.016	21.194	
3 classes, kappa=0.497   0.000	6.937	8.011	9.793	11.554	13.641	15.246	20.258	
3 classes, kappa=0.497   0.000	6.568	7.812	9.708	11.515	13.418	15.187	21.255	
3 classes, kappa=0.498   0.000	6.568	7.673	9.662	11.572	13.374	14.943	20.611	
3 classes, kappa=0.499   0.000	6.507	7.612	9.688	11.422	13.361	14.930	20.902	
3 classes, kappa=0.501   0.000	6.568	7.520	9.813	11.361	13.382	15.108	20.718	
3 classes, kappa=0.502   0.000	6.630	7.965	9.879	11.611	13.510	14.989	21.041	
3 classes, kappa=0.502   0.000	6.875	8.103	10.011	11.751	13.361	14.930	20.764	
3 classes, kappa=0.503   0.000	6.998	7.796	9.557	11.212	13.251	14.680	20.856	
3 classes, kappa=0.503   0.000	6.691	7.888	9.754	11.497	13.457	14.970	20.872	
3 classes, kappa=0.503   0.000	6.691	7.919	9.938	11.554	13.404	14.976	20.749	
3 classes, kappa=0.503   0.000	6.200	7.965	9.721	11.585	13.584	14.989	20.181	
3 classes, kappa=0.504   0.000	6.384	7.904	9.780	11.295	13.299	14.726	20.856	
3 classes, kappa=0.504   0.000	7.060	8.180	9.997	11.431	13.211	14.687	20.519	
3 classes, kappa=0.505   0.000	6.323	7.980	9.642	11.304	13.159	14.818	20.488	
3 classes, kappa=0.505   0.000	7.489	7.643	9.780	11.528	13.154	14.700	20.810	
3 classes, kappa=0.506   0.000	6.507	7.535	9.570	11.203	13.203	14.569	20.718	
3 classes, kappa=0.507   0.000	6.077	7.704	9.662	11.238	13.352	14.851	20.043	
3 classes, kappa=0.508   0.000	6.446	7.796	9.451	11.010	13.054	14.588	20.488	
3 classes, kappa=0.508   0.000	6.568	7.566	9.537	11.023	12.983	14.430	20.488	
3 classes, kappa=0.508   0.000	5.832	7.597	9.504	11.260	12.983	14.503	20.396	
3 classes, kappa=0.508   0.000	6.016	7.351	9.366	11.137	12.909	14.398	20.611	
3 classes, kappa=0.509   0.000	6.568	7.443	9.425	11.120	12.992	14.608	20.872	
3 classes, kappa=0.509   0.000	5.955	7.489	9.478	11.006	12.953	14.483	20.273	
3 classes, kappa=0.509   0.000	6.016	7.673	9.471	10.980	12.830	14.292	20.104	
3 classes, kappa=0.509   0.000	6.753	7.904	9.313	11.234	13.067	14.365	20.196	
3 classes, kappa=0.510   0.000	5.648	7.535	9.419	11.050	12.782	14.332	19.767	
3 classes, kappa=0.510   0.000	7.121	7.627	9.498	11.177	12.826	14.246	19.705	
3 classes, kappa=0.510   0.000	6.262	7.597	9.425	10.861	12.891	14.509	20.350	
3 classes, kappa=0.510   0.000	6.446	7.612	9.425	10.866	12.865	14.240	20.104	
3 classes, kappa=0.512   0.000	6.691	7.612	9.412	11.037	12.913	14.358	19.951	
3 classes, kappa=0.513   0.000	6.200	7.459	9.570	10.909	12.777	14.180	20.120	
3 classes, kappa=0.515   0.000	6.384	7.535	9.195	11.050	12.742	14.108	19.843	
3 classes, kappa=0.515   0.000	6.323	7.366	9.274	10.756	12.567	13.898	20.396	
3 classes, kappa=0.516   0.000	6.016	7.290	9.175	10.668	12.470	14.095	20.074	
3 classes, kappa=0.517   0.000	6.630	7.351	9.359	10.633	12.576	14.141	20.104	
3 classes, kappa=0.518   0.000	6.814	7.428	9.208	10.550	12.659	13.963	19.997	
3 classes, kappa=0.520   0.000	5.832	7.336	9.011	10.528	12.431	13.760	19.598	
3 classes, kappa=0.520   0.000	6.200	7.489	9.287	10.712	12.663	13.944	19.015	
3 classes, kappa=0.520   0.000	6.139	6.983	9.090	10.418	12.321	13.832	19.751	
3 classes, kappa=0.521   0.000	5.709	7.014	8.906	10.335	12.343	13.635	19.736	
3 classes, kappa=0.522   0.000	5.648	7.060	8.938	10.344	12.273	13.529	19.383	
3 classes, kappa=0.524   0.000	5.955	7.259	8.919	10.142	12.256	13.569	19.567	
3 classes, kappa=0.525   0.000	5.955	7.198	9.228	10.616	12.269	13.786	18.999	
3 classes, kappa=0.525   0.000	5.770	7.198	9.063	10.366	12.234	13.720	18.447	
3 classes, kappa=0.525   0.000	6.139	7.090	8.978	10.331	12.049	13.681	19.383	
3 classes, kappa=0.525   0.000	6.691	6.983	8.945	10.199	12.111	13.510	19.644	
3 classes, kappa=0.526   0.000	5.893	6.829	8.715	10.379	12.155	13.569	19.045	
3 classes, kappa=0.527   0.000	5.770	7.213	8.807	10.247	12.058	13.654	19.659	
3 classes, kappa=0.528   0.000	6.200	7.274	8.702	10.032	12.106	13.450	19.567	
3 classes, kappa=0.530   0.000	6.200	7.090	8.735	10.195	12.036	13.457	19.322	
3 classes, kappa=0.530   0.000	6.077	7.152	8.728	9.971	11.984	13.299	18.846	
3 classes, kappa=0.531   0.000	5.770	7.014	8.689	10.081	12.001	13.194	19.107	
3 classes, kappa=0.532   0.000	5.525	7.152	8.603	9.804	11.738	13.299	18.984	
3 classes, kappa=0.534   0.000	6.446	6.967	8.590	10.028	11.826	13.227	19.168	
3 classes, kappa=0.535   0.000	5.648	6.799	8.702	10.032	11.839	13.161	19.168	
3 classes, kappa=0.535   0.000	5.341	7.014	8.616	9.932	11.699	13.108	19.153	
3 classes, kappa=0.536   0.000	6.323	7.198	8.800	10.011	11.848	13.128	19.030	
3 classes, kappa=0.536   0.000	6.507	7.090	8.807	10.256	11.918	13.108	19.306	
3 classes, kappa=0.536   0.000	5.586	7.014	8.675	9.927	11.940	13.227	18.984	
3 classes, kappa=0.536   0.000	5.832	6.937	8.675	9.638	11.721	13.200	18.831	
3 classes, kappa=0.537   0.000	5.463	6.661	8.610	9.783	11.694	12.701	18.355	
3 classes, kappa=0.538   0.000	5.586	6.906	8.465	9.712	11.729	12.957	18.938	
3 classes, kappa=0.539   0.000	5.832	6.676	8.537	9.774	11.523	12.806	18.631	
3 classes, kappa=0.540   0.000	5.648	6.967	8.465	9.835	11.519	12.937	18.662	
3 classes, kappa=0.542   0.000	5.770	6.814	8.458	9.726	11.484	12.964	18.738	
3 classes, kappa=0.543   0.000	5.463	6.645	8.215	9.664	11.383	12.668	18.140	
3 classes, kappa=0.544   0.000	5.402	6.630	8.393	9.528	11.427	12.635	17.833	
3 classes, kappa=0.545   0.000	5.279	6.446	8.360	9.489	11.348	12.582	18.432	
3 classes, kappa=0.547   0.000	5.525	6.661	8.195	9.511	11.317	12.687	18.462	
3 classes, kappa=0.548   0.000	5.648	6.906	8.478	9.625	11.409	12.707	18.416	
3 classes, kappa=0.548   0.000	5.770	6.814	8.406	9.677	11.269	12.674	18.631	
3 classes, kappa=0.548   0.000	5.463	6.645	8.261	9.603	11.379	12.444	18.232	
3 classes, kappa=0.549   0.000	4.972	6.845	8.294	9.449	11.572	12.516	18.539	
3 classes, kappa=0.549   0.000	6.200	6.845	8.215	9.388	11.194	12.556	17.956	
3 classes, kappa=0.550   0.000	5.832	6.568	8.281	9.155	11.282	12.451	18.063	
3 classes, kappa=0.552   0.000	5.463	6.522	8.103	9.230	10.997	12.444	17.480	
3 classes, kappa=0.554   0.000	5.402	6.860	8.432	9.559	11.414	12.576	17.940	
3 classes, kappa=0.554   0.000	5.832	6.906	8.156	9.375	11.295	12.247	17.756	
3 classes, kappa=0.554   0.000	5.586	6.799	8.241	9.278	11.063	12.431	17.603	
3 classes, kappa=0.555   0.000	5.402	6.707	8.189	9.239	11.208	12.326	18.263	
3 classes, kappa=0.556   0.000	4.911	6.446	7.965	9.160	11.107	12.306	18.155	
3 classes, kappa=0.557   0.000	5.709	6.400	8.189	9.195	11.107	12.234	17.925	
3 classes, kappa=0.559   0.000	5.648	6.661	8.287	9.410	11.282	12.326	17.864	
3 classes, kappa=0.559   0.000	5.157	6.400	8.235	9.243	10.883	12.122	17.112	
3 classes, kappa=0.560   0.000	5.832	6.630	8.195	9.239	11.041	12.372	16.728	
3 classes, kappa=0.560   0.000	5.832	6.277	8.011	9.230	10.966	12.030	17.879	
3 classes, kappa=0.562   0.000	5.402	6.446	8.281	9.107	10.927	12.148	17.403	
3 classes, kappa=0.563   0.000	5.586	6.799	8.116	9.138	10.839	12.227	17.327	
3 classes, kappa=0.565   0.000	6.077	6.891	8.182	9.151	10.980	12.181	17.403	
3 classes, kappa=0.565   0.000	5.463	6.553	8.123	9.230	10.936	12.063	17.695	
3 classes, kappa=0.566   0.000	5.893	6.522	7.880	9.173	10.782	12.109	17.250	
3 classes, kappa=0.566   0.000	5.463	6.430	7.893	8.901	10.852	11.878	17.511	
3 classes, kappa=0.567   0.000	5.341	6.522	7.991	8.945	10.712	11.911	17.188	
3 classes, kappa=0.568   0.000	5.095	6.262	7.649	8.835	10.905	11.819	17.081	
3 classes, kappa=0.570   0.000	5.341	6.215	7.847	8.984	10.664	11.714	17.142	
3 classes, kappa=0.571   0.000	5.341	6.354	7.827	8.787	10.519	11.727	16.928	
3 classes, kappa=0.572   0.000	5.402	6.231	7.761	8.774	10.545	11.642	16.928	
3 classes, kappa=0.573   0.000	5.341	6.262	7.814	8.787	10.418	11.707	16.590	
3 classes, kappa=0.575   0.000	5.709	5.985	7.590	8.673	10.449	11.471	16.544	
3 classes, kappa=0.575   0.000	5.832	6.630	7.932	8.862	10.502	11.629	16.835	
3 classes, kappa=0.575   0.000	5.218	6.123	7.669	8.625	10.331	11.464	17.250	
3 classes, kappa=0.575   0.000	5.095	6.277	7.781	8.735	10.423	11.635	16.682	
3 classes, kappa=0.575   0.000	5.955	6.400	8.129	8.932	10.638	11.694	17.081	
3 classes, kappa=0.576   0.000	5.279	5.924	7.564	8.485	10.239	11.484	16.452	
3 classes, kappa=0.576   0.000	5.034	6.001	7.702	8.577	10.388	11.655	16.329	
3 classes, kappa=0.576   0.000	6.139	6.737	7.939	8.783	10.677	11.747	17.373	
3 classes, kappa=0.576   0.000	5.832	6.507	7.965	8.849	10.462	11.642	17.311	
3 classes, kappa=0.576   0.000	5.525	6.169	7.735	8.730	10.532	11.727	16.651	
3 classes, kappa=0.576   0.000	5.402	6.231	7.643	8.792	10.287	11.688	16.667	
3 classes, kappa=0.576   0.000	5.832	6.768	8.195	9.020	10.874	11.793	16.835	
3 classes, kappa=0.576   0.000	5.770	6.354	7.774	8.735	10.405	11.648	16.897	
3 classes, kappa=0.576   0.000	6.016	6.522	7.748	8.726	10.629	11.556	16.774	
3 classes, kappa=0.576   0.000	5.648	6.829	7.972	8.844	10.730	11.872	17.342	
3 classes, kappa=0.577   0.000	5.770	6.354	7.590	8.761	10.545	11.569	16.866	
3 classes, kappa=0.577   0.000	6.262	6.630	8.077	8.739	10.773	11.688	16.789	
3 classes, kappa=0.577   0.000	5.832	6.354	7.932	8.971	10.567	11.536	16.943	
3 classes, kappa=0.577   0.000	6.691	6.338	7.873	8.787	10.550	11.622	16.974	
3 classes, kappa=0.577   0.000	5.709	6.415	7.781	8.555	10.497	11.569	16.728	
3 classes, kappa=0.578   0.000	5.955	6.430	7.978	8.770	10.633	11.411	16.743	
3 classes, kappa=0.578   0.000	5.648	6.691	7.840	8.735	10.497	11.536	16.344	
3 classes, kappa=0.578   0.000	5.770	6.308	7.728	8.642	10.282	11.497	16.866	
3 classes, kappa=0.578   0.000	5.955	6.384	7.866	8.884	10.541	11.543	17.204	
3 classes, kappa=0.579   0.000	5.955	6.446	7.761	8.651	10.366	11.227	16.360	
3 classes, kappa=0.581   0.000	6.262	6.538	7.880	8.647	10.230	11.411	16.252	
3 classes, kappa=0.583   0.000	5.709	6.246	7.807	8.590	10.331	11.162	17.388	
3 classes, kappa=0.583   0.000	5.279	6.384	7.544	8.340	10.173	11.280	16.789	
3 classes, kappa=0.584   0.000	4.972	6.231	7.597	8.445	10.190	11.247	16.237	
3 classes, kappa=0.585   0.000	5.341	6.277	7.524	8.292	10.032	11.063	16.452	
3 classes, kappa=0.586   0.000	5.279	6.077	7.472	8.331	10.151	11.188	16.529	
3 classes, kappa=0.588   0.000	5.770	5.955	7.518	8.384	9.923	10.931	16.053	
3 classes, kappa=0.588   0.000	5.525	5.985	7.511	8.375	10.177	11.076	15.899	
3 classes, kappa=0.588   0.000	5.095	5.909	7.399	8.204	9.989	11.050	16.329	
3 classes, kappa=0.589   0.000	5.402	6.215	7.439	8.222	9.945	10.787	16.390	
3 classes, kappa=0.591   0.000	5.034	5.970	7.320	8.151	9.975	10.701	15.838	
3 classes, kappa=0.592   0.000	5.095	6.292	7.551	8.068	9.765	10.826	15.869	
3 classes, kappa=0.593   0.000	5.832	6.522	7.564	8.191	9.870	10.820	16.298	
3 classes, kappa=0.594   0.000	4.911	6.108	7.314	8.239	9.774	10.813	16.068	
3 classes, kappa=0.594   0.000	5.279	6.123	7.189	8.086	9.717	10.991	15.454	
3 classes, kappa=0.594   0.000	5.893	6.001	7.505	8.226	9.669	10.892	15.884	
3 classes, kappa=0.594   0.000	5.525	6.108	7.584	8.217	9.870	10.754	15.777	
3 classes, kappa=0.595   0.000	5.709	6.047	7.288	7.967	9.866	10.734	15.807	
3 classes, kappa=0.596   0.000	5.402	5.924	7.110	7.932	9.857	10.806	16.529	
3 classes, kappa=0.596   0.000	5.463	6.031	7.432	7.836	9.585	10.576	15.884	
3 classes, kappa=0.596   0.000	5.586	6.108	7.511	8.143	10.160	10.872	15.884	
3 classes, kappa=0.597   0.000	5.402	6.062	7.459	8.200	9.897	10.688	16.605	
3 classes, kappa=0.597   0.000	5.648	6.077	7.630	8.200	9.993	10.951	15.669	
3 classes, kappa=0.597   0.000	5.279	5.832	7.169	8.024	9.721	10.695	16.053	
3 classes, kappa=0.597   0.000	5.955	6.200	7.149	8.002	9.625	10.556	16.007	
3 classes, kappa=0.597   0.000	6.384	6.507	7.544	8.143	10.063	10.826	15.577	
3 classes, kappa=0.597   0.000	5.279	5.939	7.380	7.972	9.905	10.806	15.991	
3 classes, kappa=0.597   0.000	5.463	6.262	7.465	8.125	9.686	10.708	16.130	
3 classes, kappa=0.597   0.000	6.077	6.369	7.669	8.274	10.037	10.773	15.899	
3 classes, kappa=0.597   0.000	5.893	6.154	7.393	8.252	10.006	10.866	16.176	
3 classes, kappa=0.597   0.000	5.279	6.246	7.735	8.296	9.861	10.912	15.899	
3 classes, kappa=0.598   0.000	5.770	5.602	7.485	7.941	9.787	10.635	15.899	
3 classes, kappa=0.598   0.000	5.463	6.277	7.544	8.037	10.037	10.721	15.654	
3 classes, kappa=0.599   0.000	5.832	6.108	7.117	7.827	9.791	10.458	16.621	
3 classes, kappa=0.599   0.000	6.016	6.154	7.597	8.222	10.028	10.971	15.546	
3 classes, kappa=0.600   0.000	5.525	6.354	7.794	8.213	10.015	10.859	15.961	
3 classes, kappa=0.602   0.000	5.832	6.047	7.531	8.169	10.041	10.912	16.099	
