2018-05-07.14:08:18

3 classes, kappa=-0.009   0.000	20.319	24.386	30.334	36.021	38.867	43.212	50.583	
3 classes, kappa=-0.009   0.000	19.890	24.125	29.407	35.903	38.933	43.272	50.200	
3 classes, kappa=-0.009   0.000	18.846	24.708	29.861	35.587	38.670	43.054	51.090	
3 classes, kappa=-0.009   0.000	20.074	24.325	29.874	35.758	38.806	43.377	50.414	
3 classes, kappa=-0.008   0.000	21.731	24.494	29.657	35.324	38.942	42.949	50.645	
3 classes, kappa=-0.008   0.000	20.810	24.279	29.670	35.824	38.963	42.910	50.184	
3 classes, kappa=-0.008   0.000	21.179	24.939	29.926	35.745	39.117	43.291	50.153	
3 classes, kappa=-0.008   0.000	19.460	24.570	29.834	35.920	38.885	43.318	50.184	
3 classes, kappa=-0.008   0.000	19.767	24.985	29.690	35.710	39.003	42.883	50.061	
3 classes, kappa=-0.007   0.000	21.240	25.015	30.242	35.517	39.082	43.482	50.491	
3 classes, kappa=-0.007   0.000	20.381	24.800	29.854	35.824	39.051	42.949	50.859	
3 classes, kappa=-0.007   0.000	20.012	24.708	30.084	36.122	39.091	43.107	50.353	
3 classes, kappa=-0.007   0.000	20.319	24.233	29.512	35.841	38.937	42.607	50.230	
3 classes, kappa=-0.007   0.000	20.872	25.138	30.064	35.986	39.073	42.673	50.046	
3 classes, kappa=-0.007   0.000	20.994	24.724	29.768	35.872	39.056	42.870	50.583	
3 classes, kappa=-0.007   0.000	20.074	24.616	30.157	35.955	39.143	43.153	50.445	
3 classes, kappa=-0.007   0.000	21.854	23.987	29.630	35.969	38.534	42.699	49.969	
3 classes, kappa=-0.007   0.000	20.933	24.509	29.374	35.587	38.556	42.686	50.675	
3 classes, kappa=-0.007   0.000	20.565	24.540	29.157	35.679	38.608	43.186	50.246	
3 classes, kappa=-0.007   0.000	19.214	24.187	29.466	35.438	38.692	42.653	50.138	
3 classes, kappa=-0.006   0.000	20.626	24.800	29.374	35.162	38.310	42.989	49.785	
3 classes, kappa=-0.006   0.000	19.767	24.125	29.236	35.320	38.573	42.574	50.153	
3 classes, kappa=-0.006   0.000	19.337	24.724	29.236	35.407	38.617	42.515	50.077	
3 classes, kappa=-0.006   0.000	20.135	24.478	29.532	35.377	38.323	42.568	49.509	
3 classes, kappa=-0.006   0.000	19.583	24.279	29.315	34.846	38.437	42.680	49.463	
3 classes, kappa=-0.005   0.000	20.012	23.680	29.084	35.166	38.538	42.489	49.678	
3 classes, kappa=-0.005   0.000	19.890	24.632	29.078	34.793	37.880	42.634	50.092	
3 classes, kappa=-0.005   0.000	20.135	24.248	29.163	35.556	38.244	42.660	50.430	
3 classes, kappa=-0.005   0.000	21.179	23.880	29.216	34.785	38.130	42.469	49.893	
3 classes, kappa=-0.005   0.000	19.583	23.987	29.038	35.153	38.095	42.660	49.923	
3 classes, kappa=-0.005   0.000	19.214	24.064	29.124	35.421	38.262	42.318	49.662	
3 classes, kappa=-0.005   0.000	19.951	23.956	28.953	34.785	38.266	41.851	49.785	
3 classes, kappa=-0.004   0.000	20.196	24.233	29.170	35.114	38.196	42.423	49.724	
3 classes, kappa=-0.004   0.000	20.749	24.570	29.045	34.741	38.152	42.311	48.818	
3 classes, kappa=-0.004   0.000	19.951	24.141	29.124	35.000	38.161	42.055	49.233	
3 classes, kappa=-0.004   0.000	20.933	24.785	29.663	35.206	38.551	42.791	49.524	
3 classes, kappa=-0.004   0.000	19.460	24.095	28.736	34.666	38.021	42.351	50.583	
3 classes, kappa=-0.004   0.000	20.012	24.064	29.736	35.228	38.450	42.555	49.309	
3 classes, kappa=-0.004   0.000	20.565	23.634	29.104	34.859	38.179	42.370	49.555	
3 classes, kappa=-0.004   0.000	18.723	23.803	28.999	34.807	38.310	42.199	49.448	
3 classes, kappa=-0.004   0.000	20.074	24.478	28.920	34.964	38.008	42.509	49.800	
3 classes, kappa=-0.004   0.000	20.749	23.634	28.874	34.807	38.108	42.430	50.875	
3 classes, kappa=-0.004   0.000	20.933	23.834	28.933	34.640	38.293	42.114	49.401	
3 classes, kappa=-0.004   0.000	20.933	23.910	28.953	35.074	37.828	42.338	49.862	
3 classes, kappa=-0.004   0.000	20.933	23.941	29.315	35.149	37.920	42.298	50.031	
3 classes, kappa=-0.004   0.000	20.565	23.926	28.894	35.083	38.328	42.324	50.338	
3 classes, kappa=-0.004   0.000	20.503	23.864	29.611	35.013	38.047	42.305	49.355	
3 classes, kappa=-0.004   0.000	20.442	24.202	29.223	34.824	37.797	42.107	49.632	
3 classes, kappa=-0.004   0.000	20.442	24.309	29.262	35.149	37.780	42.568	50.138	
3 classes, kappa=-0.004   0.000	19.030	23.895	29.611	35.035	38.279	42.449	50.307	
3 classes, kappa=-0.004   0.000	20.503	23.757	28.927	34.798	38.271	42.463	49.893	
3 classes, kappa=-0.004   0.000	20.135	24.540	29.328	34.986	38.130	42.430	50.138	
3 classes, kappa=-0.004   0.000	21.301	23.772	28.525	34.868	37.986	42.305	49.217	
3 classes, kappa=-0.004   0.000	19.091	24.448	29.190	35.254	38.016	42.351	49.294	
3 classes, kappa=-0.004   0.000	20.381	24.309	29.170	34.706	37.880	42.351	49.386	
3 classes, kappa=-0.004   0.000	21.056	24.095	28.788	34.780	37.994	42.252	49.601	
3 classes, kappa=-0.004   0.000	20.319	23.772	29.157	34.947	38.008	42.535	50.675	
3 classes, kappa=-0.004   0.000	19.337	23.788	29.334	34.785	38.152	42.318	50.338	
3 classes, kappa=-0.004   0.000	20.872	24.800	28.900	34.969	38.209	42.390	49.954	
3 classes, kappa=-0.004   0.000	19.767	23.834	29.321	34.877	38.236	42.443	50.552	
3 classes, kappa=-0.004   0.000	19.828	23.757	29.177	34.947	37.898	41.877	49.002	
3 classes, kappa=-0.004   0.000	19.828	24.110	28.867	34.956	38.078	42.528	49.923	
3 classes, kappa=-0.004   0.000	21.363	23.435	28.802	34.697	37.556	42.088	49.386	
3 classes, kappa=-0.004   0.000	20.749	24.048	29.045	34.877	38.275	42.574	49.893	
3 classes, kappa=-0.004   0.000	20.872	23.649	28.486	34.745	37.701	42.193	49.141	
3 classes, kappa=-0.004   0.000	20.196	24.079	29.177	35.210	37.867	42.298	49.601	
3 classes, kappa=-0.004   0.000	19.337	23.956	28.841	34.754	38.078	42.173	49.847	
3 classes, kappa=-0.004   0.000	20.442	23.603	29.367	34.978	38.236	42.443	49.401	
3 classes, kappa=-0.004   0.000	20.196	24.202	28.946	34.719	37.828	42.265	50.000	
3 classes, kappa=-0.003   0.000	19.705	23.696	29.157	34.644	38.065	42.305	50.046	
3 classes, kappa=-0.003   0.000	20.258	24.033	29.098	34.653	38.170	41.943	49.601	
3 classes, kappa=-0.003   0.000	20.688	24.432	28.835	34.307	37.981	42.180	49.233	
3 classes, kappa=-0.003   0.000	20.565	23.895	29.650	35.298	38.279	42.607	49.785	
3 classes, kappa=-0.003   0.000	20.012	24.033	28.900	34.820	37.911	42.173	50.169	
3 classes, kappa=-0.003   0.000	19.705	23.803	29.012	34.886	38.008	42.081	50.046	
3 classes, kappa=-0.003   0.000	20.626	24.279	28.815	34.837	38.310	42.449	50.107	
3 classes, kappa=-0.003   0.000	20.074	24.110	28.913	34.793	37.942	42.338	49.662	
3 classes, kappa=-0.003   0.000	20.196	24.524	29.255	34.929	38.165	42.699	50.061	
3 classes, kappa=-0.003   0.000	19.828	23.465	29.177	35.065	37.780	42.147	50.184	
3 classes, kappa=-0.003   0.000	19.890	24.386	29.150	34.995	38.122	42.614	50.721	
3 classes, kappa=-0.003   0.000	19.767	24.048	29.242	34.811	37.929	42.252	50.322	
3 classes, kappa=-0.003   0.000	20.258	23.312	28.775	34.491	38.143	42.318	48.696	
3 classes, kappa=-0.003   0.000	20.688	24.048	29.170	35.100	38.183	41.903	50.813	
3 classes, kappa=-0.003   0.000	20.196	24.248	29.433	35.100	37.999	42.416	49.570	
3 classes, kappa=-0.003   0.000	19.337	23.711	29.111	34.693	37.990	42.587	48.941	
3 classes, kappa=-0.003   0.000	21.486	24.586	29.098	34.978	38.227	42.140	49.294	
3 classes, kappa=-0.003   0.000	20.319	23.788	28.775	34.754	37.937	41.838	48.880	
3 classes, kappa=-0.003   0.000	21.117	24.509	29.255	34.986	38.100	42.127	50.537	
3 classes, kappa=-0.003   0.000	20.626	24.187	29.374	34.302	37.990	42.509	50.599	
3 classes, kappa=-0.002   0.000	18.907	23.327	28.835	34.123	37.731	41.397	49.079	
3 classes, kappa=-0.002   0.000	20.074	23.573	28.769	34.934	37.696	42.226	49.002	
3 classes, kappa=-0.002   0.000	19.153	23.711	28.585	34.447	37.639	41.877	49.417	
3 classes, kappa=-0.002   0.000	18.785	23.711	28.460	34.228	37.280	41.857	50.322	
3 classes, kappa=-0.001   0.000	19.030	22.928	28.361	34.035	37.626	41.831	49.877	
3 classes, kappa=-0.001   0.000	20.258	24.187	29.538	34.530	37.780	41.732	49.079	
3 classes, kappa=-0.001   0.000	19.583	23.112	28.427	34.079	37.166	41.443	49.048	
3 classes, kappa=-0.001   0.000	18.109	23.174	28.512	34.241	37.477	41.469	48.143	
3 classes, kappa=-0.001   0.000	18.293	23.373	28.650	34.259	37.538	41.489	49.478	
3 classes, kappa=-0.001   0.000	18.416	23.435	28.124	34.373	37.227	41.561	49.002	
3 classes, kappa=-0.001   0.000	18.907	23.465	28.368	34.000	37.227	41.305	49.171	
3 classes, kappa=-0.001   0.000	19.644	23.158	28.578	33.754	37.525	41.634	48.435	
3 classes, kappa=-0.001   0.000	20.933	23.527	28.466	34.614	37.613	41.910	48.864	
3 classes, kappa=-0.001   0.000	21.547	23.972	29.065	34.679	37.740	41.956	49.770	
3 classes, kappa=-0.001   0.000	20.688	24.033	29.038	34.478	37.556	42.147	49.417	
3 classes, kappa=-0.001   0.000	21.179	23.742	28.571	34.425	37.701	41.818	48.757	
3 classes, kappa=-0.001   0.000	20.626	24.171	28.493	34.438	37.521	41.890	49.524	
3 classes, kappa=-0.001   0.000	18.969	23.987	28.992	34.793	37.666	42.292	48.864	
3 classes, kappa=-0.001   0.000	19.214	24.110	28.815	33.969	37.538	41.667	49.355	
3 classes, kappa=-0.000   0.000	18.723	23.910	28.598	34.232	37.192	41.364	49.954	
3 classes, kappa=-0.000   0.000	21.056	23.834	28.657	34.535	37.617	41.785	49.693	
3 classes, kappa=-0.000   0.000	19.214	23.926	29.071	34.153	37.736	42.048	49.509	
3 classes, kappa=0.000   0.000	19.276	23.818	28.670	33.934	37.565	41.884	50.230	
3 classes, kappa=0.000   0.000	18.478	23.895	28.887	34.272	37.552	42.028	49.969	
3 classes, kappa=0.000   0.000	19.153	23.112	28.164	33.846	37.258	41.259	48.864	
3 classes, kappa=0.001   0.000	17.986	23.235	28.657	33.991	37.556	41.851	49.110	
3 classes, kappa=0.001   0.000	18.723	23.573	28.223	34.210	37.201	41.588	50.169	
3 classes, kappa=0.001   0.000	19.337	23.726	28.348	34.351	37.087	41.542	49.171	
3 classes, kappa=0.001   0.000	19.153	23.128	27.874	33.903	37.096	41.048	48.020	
3 classes, kappa=0.001   0.000	20.012	23.174	28.565	34.057	37.293	41.825	49.064	
3 classes, kappa=0.001   0.000	19.583	23.036	28.335	34.206	37.183	41.430	49.954	
3 classes, kappa=0.001   0.000	18.048	22.928	28.670	33.851	37.183	41.621	49.110	
3 classes, kappa=0.001   0.000	18.907	23.128	28.315	34.127	37.104	41.726	48.926	
3 classes, kappa=0.001   0.000	18.723	23.174	28.236	34.096	37.043	41.535	50.353	
3 classes, kappa=0.001   0.000	19.583	23.588	28.203	34.149	36.872	41.311	48.803	
3 classes, kappa=0.001   0.000	18.723	22.729	28.131	33.842	37.262	41.265	48.834	
3 classes, kappa=0.001   0.000	18.539	23.373	28.275	33.969	37.174	41.667	49.785	
3 classes, kappa=0.001   0.000	17.802	23.511	27.723	33.618	36.780	40.798	49.601	
3 classes, kappa=0.001   0.000	20.074	23.250	28.321	34.031	37.192	42.094	50.307	
3 classes, kappa=0.001   0.000	18.293	23.174	28.400	33.662	37.407	41.469	49.893	
3 classes, kappa=0.002   0.000	19.460	23.005	28.085	33.618	36.894	40.956	49.785	
3 classes, kappa=0.002   0.000	18.600	23.082	28.078	34.074	36.990	40.812	49.233	
3 classes, kappa=0.002   0.000	19.337	22.928	28.118	33.732	37.030	41.180	48.742	
3 classes, kappa=0.002   0.000	19.951	22.851	27.559	33.776	36.824	40.950	49.048	
3 classes, kappa=0.002   0.000	19.705	22.744	28.170	33.886	37.271	41.509	49.616	
3 classes, kappa=0.002   0.000	18.785	23.450	28.262	33.754	36.837	41.219	49.386	
3 classes, kappa=0.002   0.000	18.600	23.082	27.789	33.579	36.574	40.950	48.373	
3 classes, kappa=0.002   0.000	18.355	22.744	27.907	33.833	36.701	41.042	48.803	
3 classes, kappa=0.002   0.000	19.951	22.897	27.855	33.298	36.749	41.068	48.281	
3 classes, kappa=0.003   0.000	19.091	23.373	28.190	33.860	36.846	40.700	48.895	
3 classes, kappa=0.003   0.000	18.723	23.143	27.552	33.548	36.832	40.779	48.143	
3 classes, kappa=0.003   0.000	18.907	23.496	27.618	33.754	36.872	41.121	48.941	
3 classes, kappa=0.003   0.000	18.969	23.143	27.993	33.474	36.653	40.983	49.969	
3 classes, kappa=0.003   0.000	18.907	23.174	27.940	33.614	36.828	41.134	48.972	
3 classes, kappa=0.003   0.000	19.767	23.496	27.933	33.447	36.837	40.720	48.619	
3 classes, kappa=0.003   0.000	19.521	22.560	27.473	33.351	36.758	40.891	48.665	
3 classes, kappa=0.003   0.000	19.583	22.974	28.026	33.460	36.574	41.463	48.772	
3 classes, kappa=0.004   0.000	20.381	23.174	27.868	33.750	36.802	40.621	48.665	
3 classes, kappa=0.004   0.000	18.293	23.174	28.111	33.482	36.933	41.108	49.018	
3 classes, kappa=0.004   0.000	20.381	23.343	27.966	33.776	36.920	40.937	48.987	
3 classes, kappa=0.004   0.000	19.091	23.097	27.664	33.680	36.867	41.029	49.816	
3 classes, kappa=0.005   0.000	18.846	22.498	27.914	33.417	36.451	40.483	49.202	
3 classes, kappa=0.005   0.000	18.846	22.790	27.506	33.224	36.714	40.667	48.527	
3 classes, kappa=0.005   0.000	19.705	22.345	27.138	33.325	36.416	40.470	48.788	
3 classes, kappa=0.006   0.000	18.785	22.775	27.637	33.224	36.525	41.318	49.294	
3 classes, kappa=0.006   0.000	19.460	23.189	27.848	33.588	36.591	40.687	49.002	
3 classes, kappa=0.006   0.000	18.478	22.161	27.460	33.167	36.179	40.713	48.603	
3 classes, kappa=0.006   0.000	18.416	23.158	27.690	33.241	36.587	40.312	48.511	
3 classes, kappa=0.006   0.000	19.583	22.805	27.499	33.285	36.582	40.687	48.864	
3 classes, kappa=0.006   0.000	18.785	22.637	27.236	32.904	36.438	40.627	48.772	
3 classes, kappa=0.006   0.000	17.864	22.069	27.243	33.070	36.398	40.338	48.956	
3 classes, kappa=0.006   0.000	19.337	22.422	27.341	33.097	36.683	40.568	48.511	
3 classes, kappa=0.007   0.000	19.153	22.498	27.591	32.956	36.477	40.601	48.496	
3 classes, kappa=0.008   0.000	19.276	22.483	27.217	32.947	36.600	40.772	49.018	
3 classes, kappa=0.008   0.000	17.557	22.330	26.960	32.851	36.021	40.502	47.851	
3 classes, kappa=0.008   0.000	18.232	22.084	27.203	32.790	35.995	39.963	47.913	
3 classes, kappa=0.009   0.000	16.820	21.501	26.513	32.465	36.100	39.917	48.297	
3 classes, kappa=0.009   0.000	18.232	21.869	26.828	32.189	35.727	40.331	48.895	
3 classes, kappa=0.009   0.000	16.943	21.347	26.697	32.277	35.771	40.193	47.713	
3 classes, kappa=0.009   0.000	17.004	21.486	26.296	32.193	35.390	40.220	48.266	
3 classes, kappa=0.010   0.000	17.311	21.271	26.408	32.342	35.473	39.542	48.588	
3 classes, kappa=0.010   0.000	17.864	21.470	26.283	31.957	35.657	39.851	47.790	
3 classes, kappa=0.010   0.000	16.513	21.255	26.611	32.224	35.346	39.582	48.051	
3 classes, kappa=0.010   0.000	17.250	20.933	26.138	32.071	35.565	39.647	47.575	
3 classes, kappa=0.010   0.000	18.293	21.593	26.875	32.294	35.622	39.654	48.204	
3 classes, kappa=0.010   0.000	16.697	21.762	26.250	32.035	35.609	39.786	47.698	
3 classes, kappa=0.010   0.000	18.416	20.994	26.177	32.202	35.425	39.628	47.882	
3 classes, kappa=0.010   0.000	17.434	21.716	26.486	31.807	35.482	39.378	47.621	
3 classes, kappa=0.010   0.000	16.206	20.565	26.026	31.978	35.223	39.332	47.959	
3 classes, kappa=0.011   0.000	17.250	21.179	26.276	32.149	35.688	39.759	48.250	
3 classes, kappa=0.011   0.000	16.882	21.654	26.263	31.676	35.372	39.766	48.312	
3 classes, kappa=0.011   0.000	17.311	21.746	25.914	32.176	35.122	39.391	47.867	
3 classes, kappa=0.011   0.000	16.329	21.915	26.361	31.864	35.706	39.536	48.082	
3 classes, kappa=0.011   0.000	16.759	21.255	25.980	31.895	35.346	39.641	47.422	
3 classes, kappa=0.011   0.000	18.048	21.793	26.085	32.079	35.394	39.444	47.606	
3 classes, kappa=0.012   0.000	17.066	21.608	25.750	31.935	35.228	39.299	47.759	
3 classes, kappa=0.012   0.000	17.250	21.148	26.197	32.014	35.385	39.818	48.481	
3 classes, kappa=0.012   0.000	17.311	20.718	25.862	31.821	35.206	39.273	47.268	
3 classes, kappa=0.012   0.000	17.864	21.516	26.217	31.891	35.293	39.694	48.143	
3 classes, kappa=0.012   0.000	17.434	21.301	26.243	31.939	35.197	39.444	48.174	
3 classes, kappa=0.013   0.000	16.268	21.347	25.934	31.952	35.267	39.246	47.268	
3 classes, kappa=0.013   0.000	16.390	21.071	25.967	31.996	35.210	39.279	48.496	
3 classes, kappa=0.013   0.000	17.557	21.194	25.967	31.952	35.293	39.115	47.069	
3 classes, kappa=0.014   0.000	17.986	21.010	25.855	31.579	35.087	39.088	47.145	
3 classes, kappa=0.014   0.000	17.925	20.979	26.112	31.575	34.956	39.273	48.036	
3 classes, kappa=0.015   0.000	16.943	21.041	25.822	31.593	34.912	39.042	48.250	
3 classes, kappa=0.015   0.000	17.434	20.918	26.381	31.816	35.324	39.332	48.051	
3 classes, kappa=0.016   0.000	17.250	21.056	25.737	31.715	34.907	39.029	47.360	
3 classes, kappa=0.017   0.000	17.127	20.856	26.000	31.553	34.636	38.825	47.514	
3 classes, kappa=0.017   0.000	17.557	20.979	25.599	31.316	34.754	38.799	47.238	
3 classes, kappa=0.018   0.000	17.188	21.393	26.013	31.237	34.802	39.299	48.527	
3 classes, kappa=0.018   0.000	17.495	21.071	25.862	31.386	34.982	39.108	47.974	
3 classes, kappa=0.018   0.000	17.311	21.255	25.421	31.312	34.877	38.845	47.805	
3 classes, kappa=0.019   0.000	17.066	20.580	25.072	31.334	34.574	38.569	48.128	
3 classes, kappa=0.019   0.000	16.452	20.810	25.296	31.123	34.530	38.667	47.284	
3 classes, kappa=0.020   0.000	16.268	20.396	25.750	30.992	34.662	38.411	46.225	
3 classes, kappa=0.020   0.000	16.820	20.641	25.283	31.005	34.114	38.418	47.422	
3 classes, kappa=0.021   0.000	17.188	20.994	25.763	30.900	34.758	38.503	47.130	
3 classes, kappa=0.021   0.000	16.575	20.488	25.612	30.830	34.552	38.819	47.084	
3 classes, kappa=0.021   0.000	16.268	20.810	25.316	30.882	34.539	38.674	46.915	
3 classes, kappa=0.021   0.000	16.943	21.117	25.263	30.891	33.978	38.319	47.238	
3 classes, kappa=0.022   0.000	16.390	20.519	25.007	30.211	34.127	38.260	47.161	
3 classes, kappa=0.022   0.000	17.066	20.841	25.171	30.536	34.250	38.319	47.529	
3 classes, kappa=0.022   0.000	16.390	20.135	24.921	30.435	33.982	38.207	47.253	
3 classes, kappa=0.022   0.000	18.171	20.258	25.217	30.716	34.193	38.299	46.624	
3 classes, kappa=0.022   0.000	16.329	19.982	24.836	30.273	33.921	38.352	47.606	
3 classes, kappa=0.022   0.000	15.715	19.859	24.691	30.536	33.627	38.306	47.084	
3 classes, kappa=0.022   0.000	16.329	19.828	24.790	30.527	34.114	38.194	47.314	
3 classes, kappa=0.022   0.000	16.390	19.767	24.750	30.325	34.017	38.398	45.933	
3 classes, kappa=0.023   0.000	16.390	19.920	24.355	30.396	33.653	37.819	46.516	
3 classes, kappa=0.023   0.000	16.390	19.537	24.500	29.979	33.824	38.029	46.639	
3 classes, kappa=0.023   0.000	15.715	19.920	24.836	30.040	33.798	37.858	47.176	
3 classes, kappa=0.023   0.000	16.390	19.460	24.862	30.102	33.982	38.194	46.793	
3 classes, kappa=0.024   0.000	16.697	19.843	24.665	30.167	33.671	38.115	46.332	
3 classes, kappa=0.025   0.000	17.127	20.058	24.842	30.404	33.921	37.740	46.746	
3 classes, kappa=0.026   0.000	16.083	20.089	24.901	30.295	33.697	38.273	46.163	
3 classes, kappa=0.026   0.000	17.127	20.104	24.625	30.150	33.658	37.569	46.041	
3 classes, kappa=0.026   0.000	16.943	20.365	24.375	30.010	33.403	37.872	47.130	
3 classes, kappa=0.026   0.000	16.268	20.473	24.645	30.084	33.903	37.799	47.391	
3 classes, kappa=0.026   0.000	15.285	19.107	23.698	29.654	32.904	37.063	45.841	
3 classes, kappa=0.026   0.000	15.654	20.196	24.303	29.786	33.412	37.773	47.514	
3 classes, kappa=0.026   0.000	16.268	19.936	24.448	30.339	33.728	37.530	46.562	
3 classes, kappa=0.027   0.000	16.513	19.567	24.448	30.010	33.561	37.740	46.639	
3 classes, kappa=0.027   0.000	15.285	19.184	23.869	29.282	32.812	36.773	46.194	
3 classes, kappa=0.027   0.000	16.022	19.905	24.027	29.961	33.184	37.451	46.440	
3 classes, kappa=0.027   0.000	15.777	19.230	23.783	29.576	33.373	37.477	46.010	
3 classes, kappa=0.027   0.000	16.083	19.352	24.165	29.795	33.487	37.411	45.841	
3 classes, kappa=0.027   0.000	15.101	19.030	23.533	29.251	33.004	37.161	46.777	
3 classes, kappa=0.028   0.000	16.268	19.629	24.230	30.080	33.390	37.398	46.716	
3 classes, kappa=0.028   0.000	14.180	19.015	23.763	29.527	33.132	36.944	46.839	
3 classes, kappa=0.028   0.000	15.101	19.107	23.592	29.312	32.833	37.142	46.470	
3 classes, kappa=0.028   0.000	15.285	19.184	23.579	29.751	33.136	37.188	46.271	
3 classes, kappa=0.028   0.000	15.470	18.217	23.671	29.260	32.610	37.030	46.900	
3 classes, kappa=0.028   0.000	17.004	19.890	24.467	29.874	33.522	37.944	46.424	
3 classes, kappa=0.028   0.000	16.575	19.659	24.230	29.825	33.316	37.306	45.657	
3 classes, kappa=0.028   0.000	15.961	19.797	24.303	29.830	32.987	37.484	46.286	
3 classes, kappa=0.028   0.000	16.206	19.245	23.869	29.396	33.013	37.056	45.734	
3 classes, kappa=0.028   0.000	15.224	18.938	23.579	29.291	32.763	36.642	47.023	
3 classes, kappa=0.029   0.000	14.917	18.999	23.744	29.497	32.873	37.188	46.547	
3 classes, kappa=0.029   0.000	15.224	19.045	23.711	29.234	32.737	36.786	46.133	
3 classes, kappa=0.029   0.000	15.592	19.015	23.579	29.426	33.132	36.971	45.780	
3 classes, kappa=0.029   0.000	15.224	18.831	23.612	29.418	32.785	36.964	46.931	
3 classes, kappa=0.029   0.000	15.592	18.800	23.158	29.010	32.855	36.655	45.580	
3 classes, kappa=0.029   0.000	15.654	19.859	24.092	29.545	33.399	37.207	46.593	
3 classes, kappa=0.029   0.000	15.961	19.184	24.059	29.361	33.075	37.313	46.163	
3 classes, kappa=0.029   0.000	15.163	19.276	23.514	29.242	32.899	37.076	46.209	
3 classes, kappa=0.029   0.000	15.531	19.030	23.474	29.633	32.816	36.905	45.994	
3 classes, kappa=0.029   0.000	16.022	18.861	23.382	29.093	32.816	36.892	46.363	
3 classes, kappa=0.029   0.000	15.101	19.245	23.763	29.054	32.974	36.938	45.872	
3 classes, kappa=0.029   0.000	15.285	19.061	23.448	29.374	33.048	37.017	46.240	
3 classes, kappa=0.030   0.000	15.715	19.383	23.691	29.549	32.733	36.878	47.115	
3 classes, kappa=0.030   0.000	15.777	19.214	23.652	29.277	32.947	36.813	46.793	
3 classes, kappa=0.030   0.000	14.365	18.524	23.165	29.146	32.566	37.188	46.931	
3 classes, kappa=0.031   0.000	15.838	18.493	23.678	29.181	32.439	36.898	45.887	
3 classes, kappa=0.031   0.000	15.715	18.723	23.448	29.185	32.500	36.892	45.258	
3 classes, kappa=0.032   0.000	15.715	18.754	23.158	29.514	32.636	36.589	46.255	
3 classes, kappa=0.032   0.000	15.163	18.923	23.658	29.212	32.456	36.622	45.519	
3 classes, kappa=0.033   0.000	14.610	18.462	23.448	29.334	32.496	36.629	45.979	
3 classes, kappa=0.033   0.000	15.838	19.460	23.487	29.317	32.724	36.964	46.424	
3 classes, kappa=0.033   0.000	15.592	18.846	23.454	28.703	32.369	36.227	45.595	
3 classes, kappa=0.033   0.000	15.285	18.708	23.533	29.137	32.417	36.721	45.964	
3 classes, kappa=0.033   0.000	13.689	18.432	23.112	28.835	32.421	36.582	45.381	
3 classes, kappa=0.034   0.000	14.733	18.447	23.297	28.422	31.939	36.734	46.041	
3 classes, kappa=0.035   0.000	14.180	18.171	22.816	28.896	32.316	36.175	45.457	
3 classes, kappa=0.036   0.000	16.083	18.570	23.224	28.817	32.092	36.300	45.442	
3 classes, kappa=0.036   0.000	14.549	18.508	23.033	28.453	32.106	36.464	45.672	
3 classes, kappa=0.036   0.000	14.303	18.401	23.066	28.672	32.158	36.293	46.025	
3 classes, kappa=0.037   0.000	14.794	18.478	23.027	28.843	31.996	36.471	45.503	
3 classes, kappa=0.037   0.000	14.242	18.462	22.902	28.506	32.014	36.405	45.580	
3 classes, kappa=0.037   0.000	14.733	18.309	23.125	28.734	32.307	36.392	46.286	
3 classes, kappa=0.037   0.000	15.654	18.324	22.698	28.694	31.886	36.129	45.457	
3 classes, kappa=0.038   0.000	14.426	18.861	23.270	28.721	32.325	36.162	45.150	
3 classes, kappa=0.039   0.000	15.224	18.478	23.066	28.795	32.035	35.563	46.148	
3 classes, kappa=0.039   0.000	15.654	18.769	22.968	28.514	32.014	36.254	45.350	
3 classes, kappa=0.039   0.000	15.285	18.416	23.125	28.804	32.053	36.162	45.166	
3 classes, kappa=0.039   0.000	15.285	18.232	22.856	28.435	32.202	36.313	45.488	
3 classes, kappa=0.040   0.000	15.654	18.892	23.079	28.764	31.834	36.056	45.442	
3 classes, kappa=0.040   0.000	16.145	18.923	22.915	28.677	32.316	36.129	45.488	
3 classes, kappa=0.042   0.000	15.470	18.201	23.408	28.444	32.268	36.096	44.874	
3 classes, kappa=0.042   0.000	14.610	18.416	23.112	28.835	32.066	36.530	45.810	
3 classes, kappa=0.043   0.000	14.733	18.324	23.119	28.699	32.079	36.063	45.319	
3 classes, kappa=0.044   0.000	15.470	18.263	23.297	28.650	31.720	35.806	44.675	
3 classes, kappa=0.044   0.000	14.672	18.785	22.586	28.615	32.049	35.944	45.196	
3 classes, kappa=0.045   0.000	14.119	18.447	22.527	28.571	32.062	35.905	45.074	
3 classes, kappa=0.045   0.000	15.285	18.094	22.007	27.857	31.294	35.399	45.212	
3 classes, kappa=0.045   0.000	13.567	17.956	22.277	28.177	31.373	35.478	45.120	
3 classes, kappa=0.045   0.000	14.794	18.324	22.862	28.593	32.088	36.162	44.414	
3 classes, kappa=0.045   0.000	13.689	18.217	23.001	28.032	31.457	35.583	45.319	
3 classes, kappa=0.045   0.000	13.812	18.324	22.560	27.804	31.185	35.589	44.736	
3 classes, kappa=0.045   0.000	14.794	17.910	22.139	27.988	31.119	35.379	45.795	
3 classes, kappa=0.045   0.000	15.101	18.708	22.968	28.251	31.777	35.958	45.304	
3 classes, kappa=0.045   0.000	14.979	17.971	22.540	27.795	31.614	35.885	44.613	
3 classes, kappa=0.045   0.000	14.365	18.324	23.349	28.462	32.000	36.109	45.795	
3 classes, kappa=0.045   0.000	14.242	17.587	22.211	27.278	30.926	35.859	45.120	
3 classes, kappa=0.045   0.000	13.812	17.281	22.349	27.712	31.382	35.399	45.580	
3 classes, kappa=0.046   0.000	13.444	17.603	21.692	27.225	30.869	35.333	45.058	
3 classes, kappa=0.046   0.000	14.119	17.281	22.027	27.611	31.014	35.339	45.273	
3 classes, kappa=0.046   0.000	15.285	18.432	23.073	28.633	31.891	35.852	44.767	
3 classes, kappa=0.046   0.000	13.076	17.848	22.014	27.488	30.742	35.399	44.153	
3 classes, kappa=0.046   0.000	15.899	19.076	22.507	28.383	31.724	35.912	45.703	
3 classes, kappa=0.046   0.000	13.812	17.986	22.520	28.177	31.163	35.550	45.273	
3 classes, kappa=0.046   0.000	14.180	17.219	21.665	27.256	30.961	35.168	44.644	
3 classes, kappa=0.046   0.000	14.487	18.447	22.672	27.966	31.645	35.379	44.276	
3 classes, kappa=0.046   0.000	14.549	18.339	22.783	27.905	31.702	35.826	44.936	
3 classes, kappa=0.046   0.000	14.365	17.925	22.593	28.238	31.308	35.596	45.319	
3 classes, kappa=0.046   0.000	15.347	18.094	22.678	28.107	31.281	35.306	44.490	
3 classes, kappa=0.047   0.000	14.365	16.897	22.060	27.234	30.641	35.017	44.890	
3 classes, kappa=0.047   0.000	14.058	17.649	21.843	27.440	30.628	35.228	44.352	
3 classes, kappa=0.047   0.000	14.365	17.234	21.942	27.532	30.847	35.043	44.429	
3 classes, kappa=0.047   0.000	14.365	18.017	22.343	27.633	31.237	35.688	44.859	
3 classes, kappa=0.047   0.000	13.751	17.327	21.896	27.173	30.571	34.734	43.738	
3 classes, kappa=0.047   0.000	14.549	17.465	21.435	26.997	30.571	35.214	45.227	
3 classes, kappa=0.047   0.000	12.953	17.403	21.790	27.445	30.816	35.287	43.800	
3 classes, kappa=0.047   0.000	13.751	17.634	21.856	27.423	30.632	34.741	44.797	
3 classes, kappa=0.047   0.000	14.672	18.033	21.488	27.423	30.571	35.063	44.291	
3 classes, kappa=0.047   0.000	14.119	18.002	21.659	27.199	30.694	35.050	44.368	
3 classes, kappa=0.047   0.000	13.874	17.925	21.863	27.445	30.759	35.221	44.613	
3 classes, kappa=0.048   0.000	13.996	17.910	22.086	27.431	30.492	35.254	43.800	
3 classes, kappa=0.048   0.000	13.321	17.603	21.902	27.124	30.799	35.201	44.629	
3 classes, kappa=0.048   0.000	14.242	17.035	21.639	27.094	30.536	34.774	44.966	
3 classes, kappa=0.049   0.000	13.874	17.449	21.672	27.326	30.746	35.011	44.782	
3 classes, kappa=0.051   0.000	14.426	17.035	21.409	27.164	30.435	34.557	43.278	
3 classes, kappa=0.051   0.000	13.198	17.311	21.494	27.103	30.439	34.596	44.675	
3 classes, kappa=0.052   0.000	13.198	17.388	21.067	26.743	30.571	34.570	44.659	
3 classes, kappa=0.052   0.000	13.812	17.557	21.146	26.905	30.453	34.254	44.337	
3 classes, kappa=0.053   0.000	13.996	17.081	21.376	26.410	30.093	34.438	43.293	
3 classes, kappa=0.054   0.000	13.628	16.958	21.014	26.752	30.045	34.175	44.199	
3 classes, kappa=0.055   0.000	13.567	16.928	21.133	26.401	29.861	34.287	43.815	
3 classes, kappa=0.055   0.000	14.303	17.234	21.297	26.734	30.032	34.162	44.398	
3 classes, kappa=0.055   0.000	13.444	16.743	21.231	26.633	29.913	34.169	43.646	
3 classes, kappa=0.056   0.000	14.426	16.697	20.771	26.646	30.097	34.103	44.997	
3 classes, kappa=0.056   0.000	13.198	16.728	21.027	26.511	29.931	34.280	43.738	
3 classes, kappa=0.056   0.000	13.812	16.559	20.948	26.239	29.966	34.057	43.754	
3 classes, kappa=0.056   0.000	13.505	16.820	20.935	26.778	29.983	33.991	44.997	
3 classes, kappa=0.056   0.000	13.444	16.575	21.152	26.642	29.685	33.998	44.153	
3 classes, kappa=0.057   0.000	14.365	16.897	20.909	26.576	29.711	34.063	43.723	
3 classes, kappa=0.057   0.000	14.426	16.743	20.620	26.471	29.852	33.899	43.646	
3 classes, kappa=0.057   0.000	12.707	16.467	20.784	25.949	29.562	34.280	44.199	
3 classes, kappa=0.058   0.000	13.812	16.467	20.606	25.954	29.554	33.702	42.756	
3 classes, kappa=0.059   0.000	13.137	16.697	20.606	26.002	29.207	33.721	42.925	
3 classes, kappa=0.059   0.000	12.830	16.421	19.962	25.989	29.519	33.498	42.894	
3 classes, kappa=0.060   0.000	13.505	16.145	20.061	25.612	29.207	33.287	43.447	
3 classes, kappa=0.061   0.000	12.707	15.961	20.278	25.629	29.049	33.248	43.539	
3 classes, kappa=0.061   0.000	11.602	16.191	20.310	25.594	29.198	33.715	43.800	
3 classes, kappa=0.062   0.000	13.382	15.991	19.942	25.533	29.006	33.241	42.772	
3 classes, kappa=0.063   0.000	13.321	16.406	20.028	25.594	28.778	33.702	43.401	
3 classes, kappa=0.063   0.000	12.032	16.344	19.890	25.248	28.769	33.248	43.646	
3 classes, kappa=0.063   0.000	12.462	16.160	19.949	25.761	28.953	32.833	43.048	
3 classes, kappa=0.064   0.000	13.014	16.099	19.738	25.353	28.773	33.110	42.940	
3 classes, kappa=0.065   0.000	12.707	15.930	19.738	25.235	28.883	32.656	42.864	
3 classes, kappa=0.066   0.000	12.769	15.316	20.001	25.050	28.405	33.320	42.986	
3 classes, kappa=0.066   0.000	13.260	15.945	19.298	24.783	28.479	32.893	42.741	
3 classes, kappa=0.066   0.000	11.664	15.117	19.179	24.494	28.396	32.551	43.662	
3 classes, kappa=0.066   0.000	11.664	15.608	19.376	25.007	28.028	32.761	42.465	
3 classes, kappa=0.066   0.000	12.277	15.470	18.732	24.564	28.221	32.393	42.756	
3 classes, kappa=0.066   0.000	12.523	16.222	19.817	25.055	28.703	32.958	42.695	
3 classes, kappa=0.067   0.000	13.014	16.037	19.383	24.888	28.124	32.853	42.971	
3 classes, kappa=0.067   0.000	11.664	15.117	19.133	24.507	28.190	32.524	43.048	
3 classes, kappa=0.067   0.000	12.707	15.270	19.396	24.849	28.186	32.406	42.910	
3 classes, kappa=0.067   0.000	12.953	15.853	19.640	24.616	28.576	32.866	43.692	
3 classes, kappa=0.067   0.000	13.014	15.485	19.594	24.879	28.479	32.761	42.986	
3 classes, kappa=0.067   0.000	12.277	15.592	19.390	24.967	28.168	32.715	42.710	
3 classes, kappa=0.067   0.000	12.277	15.577	19.475	24.809	28.378	32.755	43.186	
3 classes, kappa=0.067   0.000	12.155	15.163	18.890	24.818	28.098	32.505	43.232	
3 classes, kappa=0.067   0.000	12.155	15.255	19.133	24.665	27.975	32.669	42.373	
3 classes, kappa=0.068   0.000	11.295	15.224	18.877	24.726	28.181	32.393	42.204	
3 classes, kappa=0.068   0.000	12.707	15.301	19.192	24.507	28.093	32.419	42.787	
3 classes, kappa=0.069   0.000	12.523	15.209	19.330	24.857	28.050	32.735	42.756	
3 classes, kappa=0.069   0.000	12.830	15.393	19.041	24.726	28.216	32.314	42.664	
3 classes, kappa=0.069   0.000	11.602	15.884	19.284	24.581	28.177	32.577	42.096	
3 classes, kappa=0.069   0.000	11.234	15.255	19.212	25.011	28.203	32.445	42.480	
3 classes, kappa=0.070   0.000	12.093	15.884	18.942	24.893	28.155	32.689	42.772	
3 classes, kappa=0.070   0.000	11.909	15.117	19.245	24.577	28.137	32.787	42.480	
3 classes, kappa=0.070   0.000	10.866	15.086	19.081	24.533	27.795	32.426	42.050	
3 classes, kappa=0.070   0.000	12.155	15.592	19.462	24.358	28.010	32.452	42.511	
3 classes, kappa=0.070   0.000	11.786	15.408	19.107	24.327	28.001	32.399	42.618	
3 classes, kappa=0.072   0.000	12.155	16.344	19.469	24.879	28.339	32.320	42.695	
3 classes, kappa=0.072   0.000	11.479	15.255	19.127	24.511	28.251	32.301	42.342	
3 classes, kappa=0.072   0.000	12.277	15.746	19.284	24.704	28.387	32.557	41.835	
3 classes, kappa=0.072   0.000	12.093	15.623	19.403	24.950	28.273	32.623	43.079	
3 classes, kappa=0.072   0.000	12.646	15.439	19.442	24.770	28.010	32.584	42.357	
3 classes, kappa=0.072   0.000	12.093	15.500	19.153	24.507	28.225	32.353	42.695	
3 classes, kappa=0.073   0.000	12.032	15.638	19.291	24.625	27.966	32.590	42.112	
3 classes, kappa=0.073   0.000	12.953	15.393	19.087	24.344	27.914	32.366	42.373	
3 classes, kappa=0.074   0.000	13.137	15.715	19.495	24.515	28.023	32.511	42.265	
3 classes, kappa=0.074   0.000	12.032	15.715	19.416	24.476	28.194	32.570	42.971	
3 classes, kappa=0.076   0.000	12.216	15.239	19.330	24.656	28.177	32.360	41.774	
3 classes, kappa=0.076   0.000	13.198	15.823	19.324	24.551	28.207	32.459	42.864	
3 classes, kappa=0.076   0.000	11.848	15.331	19.245	24.349	27.778	32.189	42.204	
3 classes, kappa=0.076   0.000	12.339	15.700	19.298	24.678	28.019	32.399	42.818	
3 classes, kappa=0.078   0.000	12.339	15.193	19.278	24.445	28.036	31.873	41.820	
3 classes, kappa=0.079   0.000	11.541	15.424	19.390	24.358	27.914	32.163	42.373	
3 classes, kappa=0.080   0.000	11.479	15.408	19.225	24.038	27.844	32.136	41.713	
3 classes, kappa=0.080   0.000	12.646	15.516	18.909	24.371	27.607	31.814	42.235	
3 classes, kappa=0.081   0.000	12.032	15.193	18.850	24.147	27.782	31.926	42.603	
3 classes, kappa=0.082   0.000	12.277	15.101	18.712	24.248	27.291	31.544	42.020	
3 classes, kappa=0.082   0.000	11.664	15.239	18.844	23.928	27.379	31.525	41.513	
3 classes, kappa=0.082   0.000	12.339	15.239	18.646	24.323	27.537	31.636	41.498	
3 classes, kappa=0.082   0.000	11.786	14.902	18.567	23.959	27.488	31.682	40.638	
3 classes, kappa=0.083   0.000	11.909	14.626	18.758	24.173	27.212	31.630	41.943	
3 classes, kappa=0.084   0.000	10.988	14.656	18.607	23.994	27.225	31.301	41.590	
3 classes, kappa=0.084   0.000	12.216	14.902	18.600	23.735	26.984	31.479	41.805	
3 classes, kappa=0.085   0.000	12.400	14.733	18.318	23.818	26.835	31.130	41.728	
3 classes, kappa=0.086   0.000	12.339	15.086	18.462	23.810	27.164	31.183	42.557	
3 classes, kappa=0.087   0.000	10.804	15.132	18.515	23.323	26.879	31.215	41.743	
3 classes, kappa=0.089   0.000	11.479	14.840	18.219	23.546	27.050	31.012	41.498	
3 classes, kappa=0.089   0.000	11.602	14.672	18.666	23.700	26.826	30.998	41.206	
3 classes, kappa=0.090   0.000	12.093	15.040	18.153	23.362	26.739	30.946	41.897	
3 classes, kappa=0.090   0.000	11.418	14.779	18.199	23.845	26.989	30.643	41.636	
3 classes, kappa=0.090   0.000	11.418	14.533	18.173	23.625	26.616	31.143	41.114	
3 classes, kappa=0.091   0.000	11.295	14.871	18.101	23.564	26.813	30.906	40.869	
3 classes, kappa=0.091   0.000	11.418	15.362	18.475	23.489	26.839	30.860	42.004	
3 classes, kappa=0.092   0.000	11.848	14.871	18.179	23.634	26.910	30.919	41.068	
3 classes, kappa=0.092   0.000	11.602	14.687	18.377	23.665	27.050	31.091	41.145	
3 classes, kappa=0.093   0.000	11.909	14.948	18.133	23.753	26.774	31.189	41.007	
3 classes, kappa=0.094   0.000	11.786	15.163	18.752	23.761	26.708	30.696	41.160	
3 classes, kappa=0.095   0.000	12.523	15.193	18.337	23.213	26.949	30.854	41.406	
3 classes, kappa=0.096   0.000	11.848	14.810	18.344	23.612	27.063	30.624	40.193	
3 classes, kappa=0.096   0.000	12.216	15.178	18.087	23.318	26.668	30.873	40.899	
3 classes, kappa=0.096   0.000	10.927	14.334	18.068	23.261	26.524	30.610	40.853	
3 classes, kappa=0.097   0.000	11.418	14.718	18.127	23.165	26.011	30.722	41.697	
3 classes, kappa=0.099   0.000	11.786	14.579	18.041	23.248	26.550	30.196	41.053	
3 classes, kappa=0.099   0.000	11.295	14.426	17.851	22.854	26.646	30.262	40.715	
3 classes, kappa=0.099   0.000	11.971	14.748	17.982	22.700	25.989	30.512	41.145	
3 classes, kappa=0.100   0.000	11.295	14.626	17.765	22.884	25.998	30.110	40.485	
3 classes, kappa=0.102   0.000	12.462	14.549	17.712	22.819	26.212	30.222	41.114	
3 classes, kappa=0.102   0.000	11.111	14.702	17.620	22.433	25.932	30.512	41.145	
3 classes, kappa=0.102   0.000	11.848	14.349	17.489	22.705	26.015	30.262	41.130	
3 classes, kappa=0.104   0.000	11.418	13.920	17.627	22.529	26.011	30.097	40.930	
3 classes, kappa=0.105   0.000	12.830	14.334	17.469	22.735	25.971	29.992	40.638	
3 classes, kappa=0.106   0.000	11.234	14.411	17.430	22.560	25.888	29.703	39.810	
3 classes, kappa=0.106   0.000	11.357	14.058	17.647	22.656	26.028	30.018	40.654	
3 classes, kappa=0.106   0.000	11.234	14.088	17.232	22.498	25.840	29.611	39.549	
3 classes, kappa=0.107   0.000	11.418	14.058	17.443	21.845	25.445	30.078	39.840	
3 classes, kappa=0.107   0.000	10.252	14.088	17.114	22.108	25.344	29.650	39.902	
3 classes, kappa=0.107   0.000	11.295	13.935	17.245	22.227	25.537	29.861	40.976	
3 classes, kappa=0.108   0.000	9.945	13.950	16.877	22.345	25.577	29.749	40.592	
3 classes, kappa=0.108   0.000	10.743	13.950	16.778	22.082	25.480	29.519	40.577	
3 classes, kappa=0.108   0.000	10.988	13.674	17.061	22.231	25.691	29.545	39.856	
3 classes, kappa=0.108   0.000	12.339	14.012	17.114	22.095	25.743	29.584	40.255	
3 classes, kappa=0.108   0.000	10.866	14.058	17.048	22.306	25.884	29.203	40.976	
3 classes, kappa=0.109   0.000	11.050	13.843	17.107	22.165	25.371	29.302	39.825	
3 classes, kappa=0.110   0.000	10.559	14.503	17.305	22.108	25.581	29.492	40.040	
3 classes, kappa=0.110   0.000	10.681	13.812	17.245	22.275	25.848	29.729	40.378	
3 classes, kappa=0.111   0.000	11.602	13.935	17.252	21.985	25.449	29.887	39.672	
3 classes, kappa=0.112   0.000	11.172	14.180	17.252	21.902	25.528	29.749	39.273	
3 classes, kappa=0.112   0.000	11.050	14.134	17.173	22.161	25.734	29.466	40.516	
3 classes, kappa=0.113   0.000	10.743	13.858	17.134	21.964	25.537	29.052	40.562	
3 classes, kappa=0.113   0.000	11.664	13.674	17.068	21.788	25.230	29.617	39.319	
3 classes, kappa=0.114   0.000	10.927	14.073	17.331	21.893	25.585	29.584	39.288	
3 classes, kappa=0.114   0.000	10.988	14.119	17.199	22.117	25.612	29.492	40.516	
3 classes, kappa=0.114   0.000	11.295	14.457	17.134	22.121	25.366	29.558	39.487	
3 classes, kappa=0.115   0.000	10.988	13.766	16.851	21.858	25.524	29.380	40.101	
3 classes, kappa=0.115   0.000	11.786	14.227	17.186	22.012	25.537	29.426	39.303	
3 classes, kappa=0.116   0.000	11.172	14.395	17.068	22.073	25.559	29.190	40.669	
3 classes, kappa=0.116   0.000	10.436	13.935	16.969	21.779	25.357	29.223	40.347	
3 classes, kappa=0.116   0.000	11.602	14.242	17.331	22.099	25.458	29.512	39.549	
3 classes, kappa=0.116   0.000	10.681	13.751	17.074	22.042	25.243	28.973	39.794	
3 classes, kappa=0.117   0.000	9.699	13.643	16.792	21.600	25.173	29.124	39.134	
3 classes, kappa=0.118   0.000	10.497	13.674	16.877	21.687	25.042	28.664	40.608	
3 classes, kappa=0.118   0.000	10.743	13.613	16.923	21.648	25.112	28.769	39.487	
3 classes, kappa=0.120   0.000	11.479	13.904	16.923	21.608	25.112	29.137	39.687	
3 classes, kappa=0.121   0.000	11.541	13.689	17.147	21.709	25.134	28.696	39.088	
3 classes, kappa=0.122   0.000	10.804	13.920	17.074	21.626	25.191	28.802	39.733	
3 classes, kappa=0.123   0.000	10.681	14.073	17.081	21.538	24.612	29.019	39.963	
3 classes, kappa=0.123   0.000	10.497	14.027	17.120	21.472	24.963	29.025	38.996	
3 classes, kappa=0.123   0.000	10.927	13.858	17.114	21.928	24.923	28.854	38.920	
3 classes, kappa=0.123   0.000	11.479	13.797	17.180	21.503	25.156	28.742	39.917	
3 classes, kappa=0.123   0.000	11.234	13.659	16.917	21.459	24.866	28.591	39.533	
3 classes, kappa=0.124   0.000	10.190	13.613	16.785	21.494	25.033	28.637	39.672	
3 classes, kappa=0.125   0.000	11.295	13.751	16.476	21.367	25.037	28.269	38.950	
3 classes, kappa=0.126   0.000	10.866	13.536	16.614	21.016	24.726	28.525	39.365	
3 classes, kappa=0.126   0.000	11.234	13.260	16.976	21.345	24.686	28.552	39.503	
3 classes, kappa=0.127   0.000	10.559	13.751	16.996	21.205	24.761	28.552	39.119	
3 classes, kappa=0.127   0.000	10.190	13.705	16.772	21.030	24.476	28.341	39.196	
3 classes, kappa=0.128   0.000	10.927	13.674	16.476	21.244	24.568	28.558	39.764	
3 classes, kappa=0.129   0.000	10.436	13.521	16.555	21.078	24.476	28.374	38.705	
3 classes, kappa=0.129   0.000	11.786	12.707	16.331	20.973	24.551	28.381	39.319	
3 classes, kappa=0.130   0.000	10.559	12.891	16.384	20.951	24.415	27.789	39.288	
3 classes, kappa=0.130   0.000	10.313	12.922	16.430	20.894	24.147	28.085	38.582	
3 classes, kappa=0.131   0.000	9.515	12.569	16.167	20.486	24.029	28.183	39.472	
3 classes, kappa=0.131   0.000	10.006	12.630	15.989	20.534	23.862	27.993	38.781	
3 classes, kappa=0.132   0.000	9.638	12.446	15.713	20.280	24.138	27.953	38.428	
3 classes, kappa=0.133   0.000	9.454	12.492	15.568	20.363	23.937	27.480	38.812	
3 classes, kappa=0.133   0.000	10.743	12.845	15.568	20.332	23.884	27.605	39.104	
3 classes, kappa=0.134   0.000	10.006	12.753	15.522	20.262	23.950	27.532	38.106	
3 classes, kappa=0.135   0.000	10.374	12.784	15.759	20.008	23.639	27.762	38.352	
3 classes, kappa=0.135   0.000	9.761	13.306	15.772	20.131	23.726	27.394	38.536	
3 classes, kappa=0.135   0.000	8.963	12.937	15.496	19.740	23.393	27.315	38.214	
3 classes, kappa=0.135   0.000	10.190	12.615	15.805	20.166	23.656	27.605	38.459	
3 classes, kappa=0.136   0.000	9.392	12.753	15.345	20.091	23.437	27.361	38.766	
3 classes, kappa=0.136   0.000	10.374	12.416	15.456	19.876	23.489	27.473	38.198	
3 classes, kappa=0.137   0.000	9.945	12.707	15.509	19.907	23.700	27.394	37.891	
3 classes, kappa=0.137   0.000	9.822	12.692	15.351	19.793	23.332	27.026	38.751	
3 classes, kappa=0.137   0.000	9.515	12.324	15.424	19.920	23.209	26.999	38.597	
3 classes, kappa=0.138   0.000	9.576	12.201	15.601	19.942	23.292	27.230	38.582	
3 classes, kappa=0.138   0.000	10.559	12.799	15.292	19.863	23.617	27.249	38.674	
3 classes, kappa=0.139   0.000	9.638	12.354	15.621	20.008	23.494	27.039	38.336	
3 classes, kappa=0.139   0.000	9.945	12.124	15.358	19.806	23.454	27.480	37.815	
3 classes, kappa=0.140   0.000	9.085	12.032	15.312	19.727	23.213	27.335	38.198	
3 classes, kappa=0.140   0.000	9.945	11.894	15.187	19.609	23.033	26.664	37.723	
3 classes, kappa=0.140   0.000	9.883	12.017	15.371	19.587	23.060	27.164	38.536	
3 classes, kappa=0.140   0.000	9.024	12.431	15.325	19.530	23.218	27.059	37.523	
3 classes, kappa=0.141   0.000	9.147	11.756	15.213	19.438	22.748	27.032	38.490	
3 classes, kappa=0.141   0.000	9.761	11.848	15.082	19.613	22.946	26.394	38.352	
3 classes, kappa=0.142   0.000	8.349	11.572	14.950	19.241	22.748	26.585	38.029	
3 classes, kappa=0.144   0.000	9.208	11.832	14.904	19.245	22.810	26.796	37.247	
3 classes, kappa=0.145   0.000	9.269	11.664	14.937	19.175	22.722	26.572	38.475	
3 classes, kappa=0.145   0.000	9.208	11.940	14.759	19.368	22.819	26.809	37.646	
3 classes, kappa=0.146   0.000	8.594	12.047	14.772	19.175	22.748	26.585	37.676	
3 classes, kappa=0.147   0.000	8.840	11.756	14.825	18.929	22.661	26.408	38.060	
3 classes, kappa=0.148   0.000	9.208	11.909	14.726	19.078	22.612	26.171	37.216	
3 classes, kappa=0.148   0.000	9.331	11.326	14.490	19.153	22.498	25.987	37.615	
3 classes, kappa=0.149   0.000	9.761	11.556	14.378	18.728	22.411	25.875	37.676	
3 classes, kappa=0.150   0.000	9.822	11.249	14.463	18.578	21.942	26.223	36.955	
3 classes, kappa=0.150   0.000	9.392	11.326	14.753	18.758	22.056	26.381	37.416	
3 classes, kappa=0.150   0.000	8.287	11.357	14.246	18.464	22.170	25.973	37.124	
3 classes, kappa=0.151   0.000	9.392	11.725	14.470	18.925	22.284	26.138	37.477	
3 classes, kappa=0.151   0.000	9.024	11.556	14.023	18.771	22.270	25.927	37.385	
3 classes, kappa=0.151   0.000	8.778	11.433	14.345	18.614	22.139	25.671	37.339	
3 classes, kappa=0.153   0.000	7.366	11.050	14.069	18.399	21.880	25.796	36.219	
3 classes, kappa=0.153   0.000	8.656	11.142	14.180	18.578	22.021	25.901	37.324	
3 classes, kappa=0.153   0.000	9.147	10.866	13.983	18.364	22.073	25.967	36.679	
3 classes, kappa=0.153   0.000	8.103	10.635	13.904	18.013	21.915	25.750	36.664	
3 classes, kappa=0.154   0.000	8.042	11.080	13.707	18.280	21.924	25.868	36.878	
3 classes, kappa=0.155   0.000	7.366	10.743	13.937	18.092	21.709	25.539	36.679	
3 classes, kappa=0.156   0.000	8.042	10.589	13.957	18.087	21.814	25.697	37.047	
3 classes, kappa=0.157   0.000	8.042	10.697	13.628	18.004	21.771	25.375	36.986	
3 classes, kappa=0.157   0.000	7.858	10.758	13.345	18.000	21.494	25.086	36.679	
3 classes, kappa=0.158   0.000	8.042	10.850	13.753	17.758	21.569	25.592	36.495	
3 classes, kappa=0.158   0.000	8.226	10.866	13.470	17.894	21.398	25.230	37.093	
3 classes, kappa=0.159   0.000	8.778	10.160	13.293	17.452	21.135	25.026	35.850	
3 classes, kappa=0.159   0.000	8.042	10.328	13.628	17.675	21.301	24.928	35.697	
3 classes, kappa=0.160   0.000	7.673	10.697	13.667	17.737	21.512	25.237	36.203	
3 classes, kappa=0.160   0.000	8.165	10.543	13.589	17.583	21.003	24.868	35.927	
3 classes, kappa=0.161   0.000	7.612	9.837	13.227	17.298	21.082	24.717	36.986	
3 classes, kappa=0.162   0.000	7.121	10.344	13.207	17.684	21.222	25.263	36.265	
3 classes, kappa=0.163   0.000	7.796	10.405	13.306	17.715	21.056	25.138	37.385	
3 classes, kappa=0.163   0.000	8.471	10.175	13.385	17.368	20.946	24.638	35.896	
3 classes, kappa=0.164   0.000	8.717	10.528	13.306	17.680	20.841	24.816	36.664	
3 classes, kappa=0.165   0.000	8.349	10.436	13.398	17.693	21.043	25.178	36.326	
3 classes, kappa=0.166   0.000	7.919	10.467	13.483	17.491	20.942	24.796	35.789	
3 classes, kappa=0.166   0.000	8.103	10.267	13.411	17.469	21.231	24.993	36.648	
3 classes, kappa=0.167   0.000	8.165	10.390	13.319	17.232	20.880	24.816	35.927	
3 classes, kappa=0.167   0.000	8.103	10.206	13.095	17.381	21.126	24.822	35.743	
3 classes, kappa=0.167   0.000	8.656	10.605	13.648	17.513	20.994	24.901	36.295	
3 classes, kappa=0.168   0.000	8.471	10.344	13.247	17.232	20.819	24.566	36.280	
3 classes, kappa=0.168   0.000	8.042	10.098	12.977	17.035	20.850	24.658	35.773	
3 classes, kappa=0.169   0.000	7.980	10.206	13.187	17.465	20.701	24.454	35.958	
3 classes, kappa=0.169   0.000	8.103	9.960	13.056	17.000	20.828	24.494	35.589	
3 classes, kappa=0.169   0.000	7.735	9.868	12.858	16.903	20.753	24.184	35.912	
3 classes, kappa=0.170   0.000	7.796	10.190	13.062	17.162	20.929	24.480	35.390	
3 classes, kappa=0.171   0.000	7.182	10.298	13.260	17.114	20.617	24.369	36.249	
3 classes, kappa=0.172   0.000	7.919	10.282	12.997	17.224	20.837	24.099	35.927	
3 classes, kappa=0.172   0.000	8.287	10.620	12.957	17.022	20.959	24.395	34.791	
3 classes, kappa=0.173   0.000	8.042	10.374	13.365	17.272	20.832	24.809	36.541	
3 classes, kappa=0.173   0.000	8.042	10.221	12.911	17.136	20.714	24.395	36.172	
3 classes, kappa=0.174   0.000	8.349	10.190	13.122	17.408	20.907	24.526	35.988	
3 classes, kappa=0.175   0.000	8.165	9.914	13.358	17.324	20.823	24.605	35.666	
3 classes, kappa=0.175   0.000	8.533	10.374	13.102	17.127	20.999	24.520	35.635	
3 classes, kappa=0.176   0.000	7.919	10.267	13.102	17.083	20.964	24.441	35.190	
3 classes, kappa=0.177   0.000	7.489	10.144	13.003	16.671	20.688	24.027	35.359	
3 classes, kappa=0.177   0.000	8.226	10.221	13.299	17.083	20.578	24.454	35.083	
3 classes, kappa=0.177   0.000	7.858	10.006	13.082	16.873	20.639	24.349	34.899	
3 classes, kappa=0.178   0.000	7.121	9.960	12.937	17.044	20.460	24.125	35.421	
3 classes, kappa=0.179   0.000	7.551	10.098	13.154	17.009	20.275	24.342	35.114	
3 classes, kappa=0.180   0.000	7.796	9.899	12.918	16.794	20.328	23.856	35.221	
3 classes, kappa=0.180   0.000	7.980	10.083	12.957	16.987	20.407	23.882	34.392	
3 classes, kappa=0.180   0.000	7.735	10.236	13.108	16.882	20.455	23.921	35.912	
3 classes, kappa=0.181   0.000	8.042	10.175	13.240	17.013	20.394	23.744	35.390	
3 classes, kappa=0.182   0.000	8.533	10.037	13.128	16.702	20.148	24.171	35.037	
3 classes, kappa=0.183   0.000	7.858	10.114	12.628	16.439	19.995	24.046	35.252	
3 classes, kappa=0.183   0.000	8.226	10.206	12.931	16.715	20.403	23.560	34.362	
3 classes, kappa=0.183   0.000	7.796	9.945	12.405	16.671	19.767	23.639	35.344	
3 classes, kappa=0.184   0.000	8.042	9.960	13.062	16.829	20.328	23.671	35.651	
3 classes, kappa=0.184   0.000	7.858	9.791	12.687	16.640	19.854	23.448	35.129	
3 classes, kappa=0.186   0.000	7.796	10.221	12.819	16.518	19.837	23.560	34.254	
3 classes, kappa=0.187   0.000	7.489	9.653	12.898	16.386	19.749	23.658	34.837	
3 classes, kappa=0.188   0.000	7.919	9.899	12.576	16.483	19.947	23.283	33.917	
3 classes, kappa=0.189   0.000	7.551	9.929	12.753	16.189	19.784	23.731	35.129	
3 classes, kappa=0.189   0.000	7.551	9.438	12.727	16.469	19.815	23.454	34.592	
3 classes, kappa=0.189   0.000	8.042	9.761	12.385	16.351	19.701	23.336	34.791	
3 classes, kappa=0.189   0.000	7.858	9.622	12.687	16.294	19.784	23.375	34.638	
3 classes, kappa=0.190   0.000	7.305	10.083	12.766	16.233	19.933	23.369	35.236	
3 classes, kappa=0.191   0.000	7.980	9.745	12.740	16.500	19.670	23.277	34.392	
3 classes, kappa=0.191   0.000	8.226	10.114	12.812	16.040	19.775	23.264	35.236	
3 classes, kappa=0.192   0.000	8.103	9.868	12.562	16.487	19.745	23.270	34.576	
3 classes, kappa=0.194   0.000	7.919	9.975	12.727	16.509	19.775	23.448	34.009	
3 classes, kappa=0.195   0.000	7.060	9.822	12.569	16.026	19.797	22.954	34.791	
3 classes, kappa=0.195   0.000	7.735	9.622	12.424	16.132	19.574	23.119	33.840	
3 classes, kappa=0.196   0.000	8.287	9.607	12.293	15.987	19.736	22.895	34.484	
3 classes, kappa=0.197   0.000	8.226	9.515	12.372	15.965	19.894	22.974	34.975	
3 classes, kappa=0.199   0.000	8.533	9.500	12.530	16.246	19.486	23.001	33.640	
3 classes, kappa=0.200   0.000	8.349	9.807	12.332	15.891	19.473	22.948	34.454	
3 classes, kappa=0.202   0.000	8.410	9.807	12.562	15.847	19.653	22.632	33.625	
3 classes, kappa=0.203   0.000	8.287	9.745	12.510	16.211	19.754	22.797	33.702	
3 classes, kappa=0.203   0.000	8.410	10.114	12.359	16.268	19.249	22.948	34.454	
3 classes, kappa=0.203   0.000	7.919	10.282	12.602	16.105	19.547	22.823	34.208	
3 classes, kappa=0.204   0.000	8.165	9.899	12.339	16.088	19.420	22.685	33.625	
3 classes, kappa=0.206   0.000	8.042	9.899	12.234	15.952	19.271	22.580	33.625	
3 classes, kappa=0.207   0.000	7.551	10.129	12.615	16.031	19.157	22.632	33.011	
3 classes, kappa=0.208   0.000	7.612	10.068	12.431	15.886	19.315	22.790	33.487	
3 classes, kappa=0.209   0.000	8.042	10.006	12.503	15.969	19.451	22.724	32.950	
3 classes, kappa=0.209   0.000	7.366	9.715	12.503	15.838	19.214	22.382	33.855	
3 classes, kappa=0.210   0.000	7.735	10.098	12.306	15.658	19.236	22.303	33.917	
3 classes, kappa=0.211   0.000	8.471	9.914	12.543	15.974	19.508	22.415	33.686	
3 classes, kappa=0.212   0.000	7.735	9.807	12.391	15.641	19.355	22.488	33.425	
3 classes, kappa=0.212   0.000	7.428	9.914	12.359	15.733	18.991	22.507	33.656	
3 classes, kappa=0.213   0.000	7.489	9.730	12.405	15.737	19.319	22.599	33.610	
3 classes, kappa=0.213   0.000	7.182	9.761	12.043	15.487	19.109	22.369	33.195	
3 classes, kappa=0.214   0.000	7.244	9.607	12.109	15.597	18.995	22.145	32.873	
3 classes, kappa=0.214   0.000	7.612	9.561	12.076	15.356	18.894	22.409	33.732	
3 classes, kappa=0.215   0.000	7.121	9.177	11.924	15.202	18.977	22.172	33.211	
3 classes, kappa=0.215   0.000	6.753	9.085	11.701	15.215	18.868	21.869	32.996	
3 classes, kappa=0.216   0.000	7.735	9.622	12.128	15.220	19.048	22.277	33.287	
3 classes, kappa=0.217   0.000	7.551	9.576	12.063	15.250	18.798	21.810	33.211	
3 classes, kappa=0.217   0.000	7.612	9.638	11.964	15.119	18.644	21.961	33.134	
3 classes, kappa=0.217   0.000	7.366	9.530	11.957	15.123	18.802	21.757	32.858	
3 classes, kappa=0.217   0.000	7.305	9.530	12.076	15.360	18.618	21.882	32.627	
3 classes, kappa=0.218   0.000	8.287	9.469	12.135	15.233	18.719	21.869	33.564	
3 classes, kappa=0.218   0.000	7.428	9.515	11.971	15.185	18.675	22.001	33.748	
3 classes, kappa=0.218   0.000	7.673	9.576	11.944	15.435	18.692	21.850	32.627	
3 classes, kappa=0.219   0.000	7.244	9.561	11.944	15.290	18.697	22.152	33.118	
3 classes, kappa=0.219   0.000	7.366	9.484	11.918	15.053	18.508	21.659	33.272	
3 classes, kappa=0.220   0.000	7.735	9.300	11.727	15.014	18.329	21.803	32.735	
3 classes, kappa=0.220   0.000	7.612	9.684	11.885	15.084	18.486	22.014	33.456	
3 classes, kappa=0.221   0.000	6.998	9.423	11.832	14.974	18.276	21.429	32.520	
3 classes, kappa=0.221   0.000	7.121	9.269	11.760	14.628	18.337	21.350	32.765	
3 classes, kappa=0.221   0.000	6.875	9.576	11.648	15.066	18.333	21.468	33.410	
3 classes, kappa=0.221   0.000	7.060	9.715	11.418	14.759	18.232	21.159	32.719	
3 classes, kappa=0.222   0.000	7.305	9.177	11.536	14.768	18.105	21.106	33.226	
3 classes, kappa=0.222   0.000	7.980	9.316	11.385	14.628	18.096	21.304	32.888	
3 classes, kappa=0.223   0.000	7.121	8.870	11.438	14.689	17.938	21.323	32.996	
3 classes, kappa=0.224   0.000	7.305	8.855	11.267	14.707	18.092	21.060	32.689	
3 classes, kappa=0.226   0.000	6.937	8.993	11.510	14.825	18.228	21.172	32.658	
3 classes, kappa=0.227   0.000	7.428	8.963	11.300	14.430	17.649	21.192	32.152	
3 classes, kappa=0.227   0.000	6.384	8.625	11.175	14.382	17.916	21.198	32.934	
3 classes, kappa=0.228   0.000	7.366	9.147	11.162	14.391	17.903	21.093	32.320	
3 classes, kappa=0.228   0.000	7.060	8.901	11.201	14.387	17.965	21.014	32.244	
3 classes, kappa=0.229   0.000	6.998	8.917	11.431	14.483	17.522	20.935	32.320	
3 classes, kappa=0.229   0.000	6.998	8.870	11.458	14.632	18.105	21.073	32.566	
3 classes, kappa=0.229   0.000	7.489	8.855	11.425	14.562	17.912	21.212	31.875	
3 classes, kappa=0.229   0.000	7.182	8.932	11.168	14.382	17.965	21.001	31.369	
3 classes, kappa=0.229   0.000	6.875	8.671	11.359	14.566	17.973	21.133	32.060	
3 classes, kappa=0.229   0.000	6.937	8.840	11.313	14.281	17.921	20.902	32.290	
3 classes, kappa=0.230   0.000	6.446	8.671	11.030	14.395	17.701	20.935	32.259	
3 classes, kappa=0.231   0.000	7.244	9.316	11.431	14.492	18.008	20.935	32.060	
3 classes, kappa=0.232   0.000	6.937	8.778	11.425	14.330	17.815	21.034	32.689	
3 classes, kappa=0.232   0.000	7.121	9.055	11.497	14.650	17.820	21.113	31.891	
3 classes, kappa=0.233   0.000	6.507	9.009	11.510	14.615	17.737	20.771	31.753	
3 classes, kappa=0.233   0.000	7.060	8.947	11.333	14.321	17.741	20.968	32.428	
3 classes, kappa=0.234   0.000	7.673	9.223	11.523	14.584	17.815	20.863	32.505	
3 classes, kappa=0.235   0.000	8.042	9.346	11.313	14.391	17.504	20.639	32.459	
3 classes, kappa=0.236   0.000	7.612	9.208	11.234	14.356	17.561	20.468	32.735	
3 classes, kappa=0.237   0.000	7.858	9.239	11.247	14.132	17.671	20.468	32.198	
3 classes, kappa=0.238   0.000	6.875	8.947	11.227	14.321	17.566	20.837	31.952	
3 classes, kappa=0.238   0.000	6.937	8.947	11.352	14.018	17.316	20.639	31.630	
3 classes, kappa=0.240   0.000	7.366	9.085	11.102	14.237	17.364	20.350	31.691	
3 classes, kappa=0.241   0.000	7.489	9.039	11.076	14.040	17.438	20.356	31.783	
3 classes, kappa=0.241   0.000	7.428	9.177	11.675	14.259	17.373	20.258	31.952	
3 classes, kappa=0.242   0.000	7.060	8.809	11.135	13.952	17.110	20.409	31.599	
3 classes, kappa=0.243   0.000	8.042	9.131	11.484	14.461	17.114	20.389	31.568	
3 classes, kappa=0.243   0.000	7.305	9.162	11.392	14.189	17.395	20.251	30.709	
3 classes, kappa=0.243   0.000	7.305	9.070	11.181	14.031	17.390	20.199	31.814	
3 classes, kappa=0.244   0.000	7.735	8.870	11.504	14.202	17.232	20.429	31.215	
3 classes, kappa=0.244   0.000	7.489	9.147	11.306	14.268	17.373	20.212	31.492	
3 classes, kappa=0.244   0.000	7.858	9.269	11.379	14.194	17.447	20.639	32.274	
3 classes, kappa=0.244   0.000	7.489	9.316	11.063	14.316	17.478	20.481	32.075	
3 classes, kappa=0.245   0.000	7.366	9.285	11.490	14.141	17.443	20.225	31.154	
3 classes, kappa=0.247   0.000	7.244	9.331	11.313	14.185	17.298	20.310	31.292	
3 classes, kappa=0.248   0.000	8.656	9.592	11.234	14.062	17.092	20.251	32.366	
3 classes, kappa=0.249   0.000	8.103	9.116	11.181	14.242	17.101	20.409	30.955	
3 classes, kappa=0.250   0.000	8.226	9.362	11.477	14.251	17.364	20.107	31.185	
3 classes, kappa=0.251   0.000	7.612	8.993	11.339	14.189	17.276	20.120	32.259	
3 classes, kappa=0.251   0.000	7.673	9.024	11.083	13.852	16.939	20.054	31.430	
3 classes, kappa=0.252   0.000	7.489	9.193	11.096	14.062	17.061	20.133	30.724	
3 classes, kappa=0.253   0.000	7.428	8.824	11.122	13.922	17.066	20.034	30.970	
3 classes, kappa=0.254   0.000	7.489	8.855	10.833	13.887	17.074	20.054	30.801	
3 classes, kappa=0.255   0.000	6.262	9.009	10.984	13.944	16.732	19.876	31.200	
3 classes, kappa=0.256   0.000	6.998	8.640	11.076	13.843	16.877	19.745	30.371	
3 classes, kappa=0.256   0.000	7.919	8.870	11.273	13.838	16.943	20.067	30.678	
3 classes, kappa=0.256   0.000	7.673	8.855	10.964	13.435	16.719	19.870	30.801	
3 classes, kappa=0.257   0.000	6.753	8.564	10.944	13.532	16.592	19.561	30.571	
3 classes, kappa=0.257   0.000	7.060	8.533	10.931	13.562	16.798	19.613	31.185	
3 classes, kappa=0.259   0.000	6.814	8.686	10.596	13.391	16.469	19.521	30.571	
3 classes, kappa=0.260   0.000	6.568	8.533	10.866	13.492	16.588	19.469	30.556	
3 classes, kappa=0.261   0.000	7.551	8.333	10.773	13.343	16.447	19.330	30.525	
3 classes, kappa=0.262   0.000	7.182	8.656	10.839	13.422	16.351	19.442	30.632	
3 classes, kappa=0.262   0.000	6.691	8.349	10.754	13.431	16.426	19.317	29.696	
3 classes, kappa=0.263   0.000	6.568	8.502	10.793	13.479	16.566	19.317	31.292	
3 classes, kappa=0.265   0.000	6.814	8.517	10.662	13.523	16.250	19.376	30.709	
3 classes, kappa=0.265   0.000	6.139	8.410	10.412	13.181	16.518	19.061	30.310	
3 classes, kappa=0.267   0.000	6.384	8.349	10.708	13.431	16.412	19.153	29.988	
3 classes, kappa=0.267   0.000	6.568	8.272	10.662	13.444	16.426	19.238	30.341	
3 classes, kappa=0.268   0.000	6.691	8.180	10.589	13.176	16.176	19.087	29.896	
3 classes, kappa=0.269   0.000	7.060	8.180	10.820	13.404	16.421	19.140	30.955	
3 classes, kappa=0.270   0.000	6.814	8.594	10.734	13.211	16.360	19.317	30.463	
3 classes, kappa=0.271   0.000	6.814	8.487	10.760	13.334	16.162	19.048	29.650	
3 classes, kappa=0.273   0.000	7.305	8.318	10.602	13.409	16.390	19.061	29.635	
3 classes, kappa=0.274   0.000	6.568	8.272	10.497	13.207	16.474	18.956	29.804	
3 classes, kappa=0.274   0.000	7.305	8.287	10.333	13.216	16.211	19.061	29.435	
3 classes, kappa=0.275   0.000	7.366	8.303	10.668	13.124	16.395	19.192	29.834	
3 classes, kappa=0.275   0.000	6.753	8.333	10.721	13.343	16.079	18.916	29.573	
3 classes, kappa=0.275   0.000	7.735	8.349	10.695	13.172	15.965	18.844	30.832	
3 classes, kappa=0.275   0.000	7.121	8.333	10.438	13.168	16.053	18.877	29.681	
3 classes, kappa=0.277   0.000	6.814	8.333	10.589	13.111	16.184	18.745	30.172	
3 classes, kappa=0.277   0.000	6.384	8.180	10.399	12.966	16.066	18.837	29.804	
3 classes, kappa=0.279   0.000	6.568	8.303	10.504	13.106	16.018	18.390	29.942	
3 classes, kappa=0.279   0.000	6.814	8.165	10.300	12.861	15.987	18.699	29.481	
3 classes, kappa=0.280   0.000	6.446	8.180	10.346	12.703	15.882	18.574	30.003	
3 classes, kappa=0.280   0.000	6.630	8.042	10.201	12.957	16.057	18.489	29.082	
3 classes, kappa=0.281   0.000	6.630	8.072	10.326	12.983	15.798	18.449	28.959	
3 classes, kappa=0.282   0.000	6.568	8.011	10.228	13.040	15.777	18.423	29.098	
3 classes, kappa=0.282   0.000	6.691	8.057	10.142	12.896	15.720	18.521	29.312	
3 classes, kappa=0.284   0.000	6.630	7.904	10.050	12.707	15.746	18.607	29.865	
3 classes, kappa=0.284   0.000	6.507	7.919	10.030	12.808	15.847	18.456	29.742	
3 classes, kappa=0.285   0.000	6.568	8.026	10.254	12.747	15.759	18.712	29.773	
3 classes, kappa=0.285   0.000	6.568	8.287	10.293	12.641	15.855	18.456	28.760	
3 classes, kappa=0.286   0.000	6.446	7.965	10.129	12.742	15.588	18.429	29.205	
3 classes, kappa=0.287   0.000	6.814	7.735	10.188	12.694	15.768	18.291	28.622	
3 classes, kappa=0.287   0.000	6.875	7.735	9.826	12.562	15.426	18.166	28.883	
3 classes, kappa=0.288   0.000	6.323	7.627	9.945	12.453	15.382	18.101	28.975	
3 classes, kappa=0.289   0.000	6.139	7.904	10.070	12.440	15.378	18.101	29.758	
3 classes, kappa=0.289   0.000	6.446	7.673	10.004	12.282	15.062	18.206	29.052	
3 classes, kappa=0.291   0.000	6.262	7.505	9.787	12.264	15.101	17.916	28.821	
3 classes, kappa=0.293   0.000	6.384	7.643	9.813	12.291	14.983	17.897	29.420	
3 classes, kappa=0.295   0.000	6.200	7.459	9.701	12.282	15.220	17.653	28.622	
3 classes, kappa=0.296   0.000	5.770	7.259	9.576	12.247	15.128	17.587	28.453	
3 classes, kappa=0.296   0.000	6.139	7.735	9.721	12.128	15.303	17.897	28.146	
3 classes, kappa=0.297   0.000	6.507	7.459	9.287	12.212	15.285	17.936	29.220	
3 classes, kappa=0.299   0.000	6.016	7.336	9.438	12.146	15.163	17.587	28.607	
3 classes, kappa=0.299   0.000	6.262	7.535	9.419	12.093	15.281	17.693	29.082	
3 classes, kappa=0.301   0.000	6.323	7.474	9.570	12.111	15.123	17.495	28.315	
3 classes, kappa=0.301   0.000	6.937	7.505	9.557	11.782	15.027	17.614	28.499	
3 classes, kappa=0.301   0.000	6.384	7.643	9.405	11.861	14.895	17.548	29.144	
3 classes, kappa=0.302   0.000	6.630	7.566	9.544	12.102	15.141	17.449	27.808	
3 classes, kappa=0.303   0.000	6.446	7.397	9.583	12.120	15.053	17.548	27.502	
3 classes, kappa=0.304   0.000	6.446	7.459	9.590	12.076	15.036	17.344	29.098	
3 classes, kappa=0.305   0.000	6.507	7.336	9.478	11.887	14.926	17.298	28.622	
3 classes, kappa=0.306   0.000	5.955	7.397	9.425	11.957	14.974	17.357	27.548	
3 classes, kappa=0.307   0.000	6.323	7.397	9.405	11.764	14.895	17.331	28.729	
3 classes, kappa=0.308   0.000	6.077	7.397	9.300	11.918	14.746	17.239	28.254	
3 classes, kappa=0.309   0.000	5.955	7.505	9.498	11.839	14.527	17.430	27.594	
3 classes, kappa=0.310   0.000	5.709	7.244	9.267	11.874	14.724	16.877	27.425	
3 classes, kappa=0.313   0.000	5.770	7.413	9.590	11.800	14.724	17.199	27.747	
3 classes, kappa=0.313   0.000	6.323	7.198	9.333	11.878	14.711	17.048	27.670	
3 classes, kappa=0.314   0.000	6.262	7.274	9.590	11.843	14.685	17.160	28.039	
3 classes, kappa=0.316   0.000	6.200	7.489	9.524	11.672	14.733	17.153	27.701	
3 classes, kappa=0.316   0.000	5.463	7.152	9.234	11.699	14.593	17.074	27.072	
3 classes, kappa=0.316   0.000	5.279	7.290	9.419	11.506	14.645	17.002	27.532	
3 classes, kappa=0.316   0.000	6.507	7.566	9.563	12.006	14.522	16.996	27.824	
3 classes, kappa=0.316   0.000	5.586	7.413	9.603	11.909	14.610	17.147	27.670	
3 classes, kappa=0.317   0.000	5.832	7.413	9.471	11.646	14.781	17.120	27.195	
3 classes, kappa=0.318   0.000	5.586	7.643	9.550	11.887	14.540	17.002	27.241	
3 classes, kappa=0.318   0.000	6.323	7.612	9.320	11.944	14.606	16.884	27.409	
3 classes, kappa=0.318   0.000	5.586	7.228	9.366	11.598	14.540	17.022	27.532	
3 classes, kappa=0.318   0.000	6.077	7.290	9.346	11.813	14.584	16.923	28.207	
3 classes, kappa=0.319   0.000	6.139	7.750	9.662	11.567	14.505	16.805	27.885	
3 classes, kappa=0.319   0.000	6.016	6.998	9.603	11.655	14.430	16.884	28.039	
3 classes, kappa=0.320   0.000	7.121	7.627	9.688	11.791	14.562	16.877	26.964	
3 classes, kappa=0.320   0.000	5.955	7.719	9.576	11.738	14.575	16.871	27.808	
3 classes, kappa=0.320   0.000	5.770	7.474	9.616	11.602	14.562	17.127	27.640	
3 classes, kappa=0.321   0.000	5.955	7.750	9.682	11.593	14.444	16.864	27.701	
3 classes, kappa=0.323   0.000	6.753	7.673	9.432	11.629	14.373	16.772	26.826	
3 classes, kappa=0.324   0.000	6.446	7.750	9.307	11.729	14.531	16.680	26.980	
3 classes, kappa=0.325   0.000	6.753	7.551	9.570	11.598	14.325	16.601	26.627	
3 classes, kappa=0.326   0.000	6.753	7.489	9.530	11.690	14.461	16.621	26.872	
3 classes, kappa=0.327   0.000	6.568	7.704	9.596	11.462	14.316	16.647	27.256	
3 classes, kappa=0.328   0.000	6.200	7.735	9.734	11.449	14.303	16.522	27.256	
3 classes, kappa=0.329   0.000	5.770	7.535	9.195	11.506	14.299	16.575	27.548	
3 classes, kappa=0.330   0.000	5.893	7.551	9.498	11.593	14.290	16.443	26.872	
3 classes, kappa=0.331   0.000	5.218	7.443	9.432	11.637	14.058	16.614	26.243	
3 classes, kappa=0.332   0.000	6.323	7.413	9.491	11.532	14.189	16.417	26.796	
3 classes, kappa=0.334   0.000	5.955	7.612	9.557	11.379	14.202	16.305	26.304	
3 classes, kappa=0.335   0.000	5.893	7.029	9.300	11.383	14.268	16.404	26.750	
3 classes, kappa=0.335   0.000	6.077	7.566	9.261	11.409	14.080	16.265	26.412	
3 classes, kappa=0.336   0.000	5.770	7.627	9.221	11.361	14.014	16.404	26.719	
3 classes, kappa=0.337   0.000	6.262	7.535	9.017	11.440	14.023	16.397	26.489	
3 classes, kappa=0.338   0.000	5.648	7.106	8.938	11.155	14.001	16.265	26.182	
3 classes, kappa=0.339   0.000	5.463	7.090	8.892	11.203	13.904	16.121	26.550	
3 classes, kappa=0.341   0.000	6.323	7.060	8.906	11.234	13.874	16.029	25.414	
3 classes, kappa=0.342   0.000	6.077	7.029	8.978	11.124	13.760	16.094	26.489	
3 classes, kappa=0.343   0.000	6.507	7.413	9.261	11.488	14.040	16.134	27.624	
3 classes, kappa=0.344   0.000	6.077	7.106	9.004	11.181	13.716	16.140	26.090	
3 classes, kappa=0.344   0.000	5.955	7.366	9.208	11.357	13.922	16.219	26.320	
3 classes, kappa=0.345   0.000	5.525	7.167	9.037	11.300	13.887	16.206	26.366	
3 classes, kappa=0.346   0.000	5.893	7.459	9.379	11.532	13.983	16.094	26.703	
3 classes, kappa=0.347   0.000	5.955	7.489	9.063	11.265	13.825	16.029	25.552	
3 classes, kappa=0.350   0.000	5.463	7.551	9.379	11.287	13.952	16.160	25.952	
3 classes, kappa=0.351   0.000	6.077	7.505	9.188	11.234	13.979	16.016	26.750	
3 classes, kappa=0.351   0.000	5.955	7.198	9.103	11.142	13.922	16.114	25.721	
3 classes, kappa=0.352   0.000	5.586	7.413	9.228	11.111	14.023	16.062	27.056	
3 classes, kappa=0.354   0.000	6.200	7.305	9.188	11.330	14.027	15.891	25.599	
3 classes, kappa=0.356   0.000	6.200	7.274	9.077	11.357	13.689	16.147	25.767	
3 classes, kappa=0.357   0.000	6.384	7.413	9.063	11.269	13.904	15.943	25.599	
3 classes, kappa=0.358   0.000	6.139	7.060	9.208	11.269	13.659	15.792	25.629	
3 classes, kappa=0.359   0.000	5.709	7.336	9.195	11.124	13.654	15.858	25.721	
3 classes, kappa=0.361   0.000	5.770	7.228	9.044	11.225	13.707	15.726	25.491	
3 classes, kappa=0.361   0.000	6.507	7.198	9.057	11.001	13.738	15.621	25.506	
3 classes, kappa=0.362   0.000	6.200	7.213	9.333	11.010	13.475	15.693	25.982	
3 classes, kappa=0.363   0.000	5.955	7.305	9.142	11.010	13.641	15.634	25.261	
3 classes, kappa=0.364   0.000	5.648	7.075	8.925	10.953	13.365	15.614	25.399	
3 classes, kappa=0.364   0.000	5.463	7.198	9.109	10.690	13.286	15.634	25.737	
3 classes, kappa=0.365   0.000	6.384	6.998	9.070	10.927	13.382	15.568	25.261	
3 classes, kappa=0.366   0.000	6.323	6.707	9.129	10.765	13.211	15.706	24.908	
3 classes, kappa=0.367   0.000	6.568	7.044	9.116	10.817	13.453	15.529	24.923	
3 classes, kappa=0.369   0.000	5.279	7.060	9.004	11.102	13.172	15.693	24.632	
3 classes, kappa=0.370   0.000	6.139	7.198	9.136	11.028	13.268	15.424	24.847	
3 classes, kappa=0.370   0.000	5.770	6.921	8.846	10.822	13.216	15.404	24.785	
3 classes, kappa=0.371   0.000	5.955	6.998	8.649	10.975	13.334	15.299	25.153	
3 classes, kappa=0.371   0.000	5.893	7.228	8.958	10.883	13.216	15.621	25.276	
3 classes, kappa=0.372   0.000	5.648	6.937	8.932	10.642	13.080	15.266	25.307	
3 classes, kappa=0.372   0.000	5.893	6.860	8.952	10.695	13.233	14.963	24.463	
3 classes, kappa=0.373   0.000	5.770	6.691	8.899	10.335	13.054	15.325	25.123	
3 classes, kappa=0.374   0.000	5.586	6.691	8.531	10.348	13.023	14.904	25.292	
3 classes, kappa=0.374   0.000	6.446	6.753	8.656	10.353	12.852	15.016	25.353	
3 classes, kappa=0.375   0.000	4.850	6.492	8.485	10.304	12.997	15.154	25.061	
3 classes, kappa=0.376   0.000	5.832	6.522	8.596	10.379	12.957	14.838	24.586	
3 classes, kappa=0.378   0.000	4.727	7.106	8.741	10.423	12.742	15.193	24.325	
3 classes, kappa=0.378   0.000	5.095	6.829	8.623	10.247	12.786	15.009	24.048	
3 classes, kappa=0.379   0.000	4.359	6.277	8.439	9.910	12.663	14.772	24.401	
3 classes, kappa=0.380   0.000	5.463	6.522	8.452	10.006	12.690	14.654	24.754	
3 classes, kappa=0.381   0.000	4.911	6.277	8.268	9.905	12.492	14.490	24.340	
3 classes, kappa=0.383   0.000	5.832	6.231	8.254	10.037	12.488	14.503	24.125	
3 classes, kappa=0.383   0.000	4.604	6.154	8.300	10.019	12.343	14.654	24.033	
3 classes, kappa=0.384   0.000	5.095	6.154	8.044	9.774	12.277	14.542	24.294	
3 classes, kappa=0.384   0.000	5.034	5.909	7.932	9.848	12.220	14.437	24.279	
3 classes, kappa=0.385   0.000	4.911	5.924	7.912	9.822	12.348	14.444	24.217	
3 classes, kappa=0.385   0.000	4.850	6.169	7.912	9.717	12.256	14.194	23.895	
3 classes, kappa=0.386   0.000	4.850	6.292	8.037	9.576	12.238	14.180	23.649	
3 classes, kappa=0.388   0.000	4.359	6.262	7.998	9.682	12.194	14.338	24.632	
3 classes, kappa=0.389   0.000	4.972	5.970	8.149	9.796	12.203	14.200	23.895	
3 classes, kappa=0.391   0.000	4.665	6.077	8.057	9.721	12.203	14.292	24.033	
3 classes, kappa=0.392   0.000	4.911	6.139	8.116	9.638	12.172	14.207	23.281	
3 classes, kappa=0.393   0.000	4.665	6.001	7.853	9.647	11.966	13.852	24.355	
3 classes, kappa=0.393   0.000	4.788	5.878	8.011	9.401	12.181	14.233	23.297	
3 classes, kappa=0.394   0.000	4.665	5.970	7.899	9.392	11.988	14.194	24.294	
3 classes, kappa=0.396   0.000	4.604	6.001	7.886	9.607	11.962	13.950	24.079	
3 classes, kappa=0.397   0.000	4.113	6.001	7.557	9.489	11.922	13.825	23.343	
3 classes, kappa=0.397   0.000	5.341	6.139	7.926	9.239	11.782	14.029	23.419	
3 classes, kappa=0.398   0.000	4.727	6.016	7.755	9.243	11.966	13.924	23.005	
3 classes, kappa=0.398   0.000	5.095	6.246	7.787	9.322	11.795	13.944	23.634	
3 classes, kappa=0.398   0.000	4.911	5.525	7.511	9.318	11.646	13.602	23.297	
3 classes, kappa=0.400   0.000	4.543	5.694	7.669	9.269	11.598	13.589	23.542	
3 classes, kappa=0.400   0.000	4.850	5.433	7.498	8.980	11.646	13.654	23.097	
3 classes, kappa=0.401   0.000	4.604	5.724	7.399	9.006	11.629	13.464	23.235	
3 classes, kappa=0.401   0.000	4.543	5.556	7.432	9.120	11.344	13.437	23.266	
3 classes, kappa=0.402   0.000	4.297	5.433	7.465	8.932	11.545	13.621	23.788	
3 classes, kappa=0.402   0.000	5.095	5.510	7.432	9.199	11.458	13.385	23.097	
3 classes, kappa=0.403   0.000	4.911	5.510	7.465	9.125	11.488	13.589	23.112	
3 classes, kappa=0.403   0.000	3.990	5.448	7.623	8.919	11.532	13.398	23.066	
3 classes, kappa=0.405   0.000	4.850	5.786	7.327	9.041	11.515	13.247	23.312	
3 classes, kappa=0.406   0.000	4.850	5.709	7.380	9.072	11.558	13.293	22.591	
3 classes, kappa=0.407   0.000	4.911	5.832	7.301	8.818	11.532	13.457	23.235	
3 classes, kappa=0.408   0.000	4.665	5.556	7.215	8.792	11.374	13.404	22.621	
3 classes, kappa=0.410   0.000	4.665	5.556	7.281	8.857	11.168	13.240	22.683	
3 classes, kappa=0.410   0.000	3.929	5.402	7.274	8.699	11.177	12.964	22.867	
3 classes, kappa=0.411   0.000	5.095	5.556	7.347	8.647	11.146	12.931	23.005	
3 classes, kappa=0.413   0.000	4.420	5.402	7.202	8.607	11.216	13.089	22.069	
3 classes, kappa=0.413   0.000	4.297	5.310	7.176	8.844	11.151	13.082	22.790	
3 classes, kappa=0.414   0.000	3.867	5.463	7.261	8.564	11.133	12.937	22.145	
3 classes, kappa=0.414   0.000	4.297	5.172	7.110	8.524	10.857	12.852	22.145	
3 classes, kappa=0.415   0.000	4.113	5.387	7.195	8.699	11.181	13.062	22.867	
3 classes, kappa=0.416   0.000	4.113	5.233	7.149	8.603	11.067	12.845	23.343	
3 classes, kappa=0.416   0.000	4.113	5.264	7.110	8.498	10.769	12.872	22.821	
3 classes, kappa=0.417   0.000	4.052	5.433	6.913	8.257	10.944	12.760	22.115	
3 classes, kappa=0.419   0.000	4.359	5.187	6.978	8.476	10.936	12.858	22.959	
3 classes, kappa=0.419   0.000	4.420	5.080	6.821	8.318	10.541	12.503	22.790	
3 classes, kappa=0.420   0.000	4.052	4.865	6.340	8.287	10.659	12.681	21.869	
3 classes, kappa=0.421   0.000	3.929	4.926	6.669	8.248	10.559	12.714	22.483	
3 classes, kappa=0.423   0.000	3.929	4.834	6.702	8.186	10.782	12.720	22.069	
3 classes, kappa=0.425   0.000	3.990	5.141	6.656	8.108	10.664	12.589	22.560	
3 classes, kappa=0.427   0.000	4.481	5.034	6.682	8.011	10.655	12.582	22.145	
3 classes, kappa=0.427   0.000	4.236	4.711	6.531	8.081	10.502	12.530	21.685	
3 classes, kappa=0.429   0.000	4.052	4.696	6.465	8.002	10.567	12.391	22.069	
3 classes, kappa=0.429   0.000	4.297	4.942	6.715	7.976	10.541	12.490	21.946	
3 classes, kappa=0.431   0.000	4.174	4.850	6.564	7.989	10.804	12.385	22.314	
3 classes, kappa=0.433   0.000	4.359	4.988	6.544	8.200	10.366	12.326	21.823	
3 classes, kappa=0.433   0.000	4.174	5.080	6.571	7.994	10.458	12.424	21.578	
3 classes, kappa=0.433   0.000	4.113	4.711	6.610	7.937	10.519	12.536	22.299	
3 classes, kappa=0.434   0.000	4.052	4.727	6.321	8.055	10.629	12.214	21.823	
3 classes, kappa=0.435   0.000	3.867	4.896	6.669	7.814	10.379	12.293	21.455	
3 classes, kappa=0.436   0.000	3.929	4.880	6.597	7.923	10.414	12.260	21.240	
3 classes, kappa=0.437   0.000	3.929	4.727	6.610	8.007	10.414	12.280	21.946	
3 classes, kappa=0.438   0.000	4.359	4.527	6.275	7.985	10.256	12.168	21.363	
3 classes, kappa=0.439   0.000	3.745	4.957	6.505	7.994	10.594	12.273	21.946	
3 classes, kappa=0.441   0.000	3.929	4.635	6.748	8.020	10.497	12.056	21.777	
3 classes, kappa=0.443   0.000	3.806	4.957	6.604	8.015	10.265	12.102	21.240	
3 classes, kappa=0.444   0.000	3.806	4.865	6.623	8.134	10.633	12.201	21.808	
3 classes, kappa=0.446   0.000	3.560	4.758	6.380	7.941	10.488	12.168	20.948	
3 classes, kappa=0.447   0.000	3.745	5.034	6.498	8.090	10.388	12.273	21.271	
3 classes, kappa=0.449   0.000	3.867	4.911	6.643	7.893	10.467	12.306	21.516	
3 classes, kappa=0.451   0.000	3.867	5.126	6.446	8.086	10.427	12.161	21.025	
3 classes, kappa=0.453   0.000	4.604	4.573	6.518	8.068	10.563	11.760	21.700	
3 classes, kappa=0.455   0.000	3.806	4.758	6.492	8.011	10.559	12.194	21.041	
3 classes, kappa=0.456   0.000	4.297	4.850	6.538	8.274	10.309	12.128	20.641	
3 classes, kappa=0.458   0.000	4.052	4.926	6.557	8.042	10.335	11.971	21.363	
3 classes, kappa=0.459   0.000	4.113	4.773	6.617	7.958	10.309	11.924	21.071	
3 classes, kappa=0.460   0.000	3.990	4.742	6.479	7.928	10.151	11.957	20.519	
3 classes, kappa=0.462   0.000	3.929	4.834	6.525	7.915	10.256	11.760	20.734	
3 classes, kappa=0.463   0.000	4.174	4.865	6.301	7.932	10.313	11.786	20.856	
3 classes, kappa=0.465   0.000	4.052	4.788	6.465	7.809	10.225	11.878	20.626	
3 classes, kappa=0.467   0.000	3.990	4.635	6.623	8.033	10.046	11.951	20.764	
3 classes, kappa=0.468   0.000	4.174	4.451	6.551	7.840	10.190	11.747	20.319	
3 classes, kappa=0.468   0.000	3.622	4.742	6.360	7.774	10.353	11.977	19.552	
3 classes, kappa=0.469   0.000	2.885	4.742	6.465	7.840	10.287	11.905	20.196	
3 classes, kappa=0.470   0.000	4.543	4.481	6.321	7.713	10.247	11.681	20.227	
3 classes, kappa=0.471   0.000	4.113	4.880	6.373	7.967	10.146	11.806	20.181	
3 classes, kappa=0.472   0.000	3.745	4.696	6.597	7.871	10.291	11.984	20.273	
3 classes, kappa=0.473   0.000	4.420	4.589	6.538	7.950	10.431	11.977	20.411	
3 classes, kappa=0.475   0.000	3.499	4.604	6.472	7.915	10.497	11.931	19.966	
3 classes, kappa=0.475   0.000	4.420	5.249	7.011	8.125	10.427	12.063	20.166	
3 classes, kappa=0.475   0.000	4.911	5.218	6.696	8.077	10.567	11.931	19.736	
3 classes, kappa=0.476   0.000	4.174	4.911	6.696	7.989	10.427	11.852	20.641	
3 classes, kappa=0.476   0.000	3.990	5.126	6.590	8.051	10.383	12.030	20.335	
3 classes, kappa=0.476   0.000	4.481	5.203	6.702	8.121	10.519	11.984	20.273	
3 classes, kappa=0.476   0.000	4.420	4.481	6.590	8.037	10.304	11.865	20.457	
3 classes, kappa=0.477   0.000	3.315	4.681	6.564	8.055	10.414	11.747	20.166	
3 classes, kappa=0.477   0.000	4.359	5.080	6.682	8.195	10.212	11.885	20.365	
3 classes, kappa=0.479   0.000	4.236	4.896	6.768	7.976	10.313	11.911	20.580	
3 classes, kappa=0.481   0.000	4.543	4.788	6.636	7.985	10.414	11.714	19.644	
3 classes, kappa=0.482   0.000	4.174	5.018	6.623	7.941	10.388	11.727	19.675	
3 classes, kappa=0.483   0.000	4.543	4.988	6.742	7.853	10.234	11.892	19.429	
3 classes, kappa=0.484   0.000	4.297	5.049	6.643	7.972	10.374	11.451	18.815	
3 classes, kappa=0.486   0.000	4.052	4.926	6.492	7.853	9.993	11.675	19.629	
3 classes, kappa=0.488   0.000	4.113	4.880	6.531	8.059	10.287	11.780	19.828	
3 classes, kappa=0.489   0.000	4.174	5.157	6.821	7.994	10.234	11.550	19.951	
3 classes, kappa=0.489   0.000	4.052	4.957	6.689	7.853	9.980	11.425	19.675	
3 classes, kappa=0.491   0.000	4.359	5.095	6.682	7.888	10.265	11.622	19.843	
3 classes, kappa=0.492   0.000	4.727	5.126	6.992	8.182	10.322	11.826	19.859	
3 classes, kappa=0.493   0.000	4.788	5.341	6.952	8.011	10.440	11.536	19.260	
3 classes, kappa=0.493   0.000	4.727	5.218	6.926	7.950	10.331	11.767	19.521	
3 classes, kappa=0.495   0.000	5.095	5.448	6.946	8.046	10.234	11.734	19.490	
3 classes, kappa=0.495   0.000	4.359	5.233	7.038	8.024	10.173	11.701	19.368	
3 classes, kappa=0.496   0.000	5.218	5.417	6.735	8.015	10.405	11.852	19.168	
3 classes, kappa=0.496   0.000	5.095	5.249	6.807	8.011	10.125	11.543	19.429	
3 classes, kappa=0.497   0.000	4.665	5.018	6.722	7.827	10.107	11.609	19.444	
3 classes, kappa=0.498   0.000	4.236	5.095	6.814	7.901	9.962	11.510	19.429	
3 classes, kappa=0.499   0.000	4.972	5.064	6.998	7.915	10.085	11.444	19.291	
3 classes, kappa=0.500   0.000	4.420	5.279	6.728	7.814	9.954	11.339	19.398	
3 classes, kappa=0.501   0.000	4.236	5.402	6.867	7.849	10.107	11.464	19.629	
3 classes, kappa=0.502   0.000	4.972	5.402	7.024	7.937	10.138	11.411	19.675	
3 classes, kappa=0.502   0.000	4.788	5.126	6.827	7.779	9.984	11.504	19.490	
3 classes, kappa=0.504   0.000	4.665	5.417	6.959	8.108	10.160	11.418	19.260	
3 classes, kappa=0.505   0.000	4.972	5.325	7.084	8.200	10.177	11.609	19.199	
3 classes, kappa=0.507   0.000	5.157	5.494	6.965	8.064	10.252	11.333	18.892	
3 classes, kappa=0.508   0.000	5.218	5.510	7.123	7.976	10.177	11.333	19.214	
3 classes, kappa=0.509   0.000	4.850	5.586	6.972	7.945	10.370	11.543	18.953	
3 classes, kappa=0.509   0.000	4.604	5.172	6.696	7.787	10.256	11.306	19.383	
3 classes, kappa=0.511   0.000	5.034	5.218	6.788	7.980	10.041	11.188	18.416	
3 classes, kappa=0.513   0.000	4.665	5.249	6.801	7.976	10.120	11.293	19.184	
3 classes, kappa=0.514   0.000	4.543	5.325	6.853	7.923	10.063	11.188	19.030	
3 classes, kappa=0.514   0.000	4.481	5.095	6.886	7.801	9.818	11.221	18.539	
3 classes, kappa=0.517   0.000	4.113	5.034	6.709	7.932	9.936	10.833	18.999	
3 classes, kappa=0.517   0.000	4.850	5.003	6.748	7.831	9.918	11.188	18.785	
3 classes, kappa=0.519   0.000	4.543	5.356	6.801	7.836	10.041	11.254	18.478	
3 classes, kappa=0.521   0.000	4.297	5.141	6.597	7.744	10.072	11.076	18.339	
3 classes, kappa=0.522   0.000	4.481	4.896	6.735	7.708	9.892	11.181	18.600	
3 classes, kappa=0.524   0.000	5.157	5.157	6.821	7.783	9.936	11.129	18.293	
3 classes, kappa=0.525   0.000	4.174	5.264	6.689	8.015	10.068	11.221	18.217	
3 classes, kappa=0.526   0.000	4.850	5.080	6.669	7.739	9.993	11.201	18.217	
3 classes, kappa=0.527   0.000	4.727	5.310	6.886	7.901	9.949	11.063	18.478	
3 classes, kappa=0.528   0.000	4.297	5.080	6.788	7.809	9.892	11.076	18.355	
3 classes, kappa=0.528   0.000	4.481	5.249	6.972	7.945	9.993	11.194	18.769	
3 classes, kappa=0.529   0.000	4.420	5.233	7.097	8.002	10.142	11.214	18.370	
3 classes, kappa=0.530   0.000	4.359	5.356	6.794	7.910	10.037	11.175	18.524	
3 classes, kappa=0.531   0.000	4.665	5.402	6.794	7.915	10.239	11.194	18.017	
3 classes, kappa=0.532   0.000	5.034	5.924	7.340	8.261	10.344	11.418	18.570	
3 classes, kappa=0.533   0.000	5.463	5.786	7.459	8.441	10.436	11.569	18.247	
3 classes, kappa=0.533   0.000	4.604	5.463	6.926	8.029	10.173	11.155	17.741	
3 classes, kappa=0.533   0.000	5.341	5.433	7.090	7.950	10.366	11.319	17.971	
3 classes, kappa=0.534   0.000	4.543	5.571	7.294	8.349	10.300	11.405	18.094	
3 classes, kappa=0.534   0.000	4.604	5.602	7.149	8.143	10.357	11.326	18.079	
3 classes, kappa=0.534   0.000	4.972	5.847	7.366	8.432	10.160	11.530	18.247	
3 classes, kappa=0.535   0.000	5.095	5.801	7.288	8.252	10.370	11.326	18.355	
3 classes, kappa=0.537   0.000	5.279	5.909	7.439	8.419	10.357	11.504	17.664	
3 classes, kappa=0.539   0.000	5.034	5.893	7.222	8.336	10.436	11.352	17.879	
3 classes, kappa=0.540   0.000	5.095	5.832	7.189	8.384	10.339	11.326	17.848	
3 classes, kappa=0.541   0.000	5.157	5.909	7.222	8.230	10.436	11.405	18.339	
3 classes, kappa=0.541   0.000	5.034	5.663	7.228	8.222	10.046	11.398	18.048	
3 classes, kappa=0.541   0.000	5.157	5.816	7.340	8.265	10.357	11.214	18.033	
3 classes, kappa=0.543   0.000	5.341	5.786	7.149	8.362	10.234	11.267	18.155	
3 classes, kappa=0.545   0.000	4.972	5.617	7.242	8.384	10.208	11.293	17.680	
3 classes, kappa=0.547   0.000	4.911	5.955	7.103	8.314	10.493	11.267	18.309	
3 classes, kappa=0.548   0.000	5.034	5.602	7.274	8.217	10.269	11.240	17.787	
3 classes, kappa=0.548   0.000	4.481	5.617	7.182	8.265	10.054	11.260	17.787	
3 classes, kappa=0.550   0.000	5.034	5.801	7.340	8.327	10.094	11.208	17.511	
3 classes, kappa=0.550   0.000	4.911	5.678	7.320	8.248	10.199	11.504	17.772	
3 classes, kappa=0.552   0.000	5.341	5.663	7.281	8.344	10.046	11.287	17.480	
3 classes, kappa=0.553   0.000	5.157	5.540	7.281	8.265	10.142	11.372	17.265	
3 classes, kappa=0.553   0.000	5.586	5.924	7.399	8.379	10.230	11.550	18.063	
3 classes, kappa=0.553   0.000	4.788	5.740	7.136	8.226	10.256	11.333	17.787	
3 classes, kappa=0.554   0.000	5.034	5.740	7.261	8.204	10.348	11.392	17.787	
3 classes, kappa=0.554   0.000	4.604	5.525	7.334	8.213	10.164	11.287	17.680	
3 classes, kappa=0.556   0.000	4.972	5.770	7.110	8.191	9.743	11.234	17.265	
3 classes, kappa=0.557   0.000	5.586	5.648	7.281	8.011	9.940	10.977	17.020	
3 classes, kappa=0.557   0.000	5.218	5.678	7.169	8.002	9.831	11.181	17.327	
3 classes, kappa=0.559   0.000	5.095	5.571	6.965	8.138	9.883	11.096	17.848	
3 classes, kappa=0.559   0.000	4.604	5.755	7.222	8.230	9.853	11.129	17.096	
3 classes, kappa=0.560   0.000	4.174	5.678	7.419	8.296	10.168	11.287	16.575	
3 classes, kappa=0.560   0.000	5.279	5.617	7.176	8.239	9.831	11.050	17.434	
3 classes, kappa=0.561   0.000	5.095	5.801	7.307	8.147	10.076	11.135	17.112	
3 classes, kappa=0.564   0.000	4.850	5.709	7.347	8.178	10.111	11.122	16.820	
3 classes, kappa=0.565   0.000	5.279	5.801	7.498	8.349	9.980	11.155	16.820	
3 classes, kappa=0.566   0.000	5.402	5.678	7.327	8.309	10.168	11.306	16.974	
3 classes, kappa=0.566   0.000	4.297	5.878	7.268	8.300	10.011	11.188	17.511	
3 classes, kappa=0.567   0.000	5.586	5.632	7.406	8.112	9.875	11.181	17.204	
3 classes, kappa=0.567   0.000	5.463	5.740	7.689	8.362	10.089	11.129	16.805	
3 classes, kappa=0.569   0.000	5.034	5.893	7.360	8.178	10.116	11.010	16.835	
3 classes, kappa=0.571   0.000	5.525	6.185	7.524	8.160	10.015	11.023	17.618	
3 classes, kappa=0.573   0.000	5.157	5.832	7.524	8.401	10.006	11.129	16.774	
3 classes, kappa=0.573   0.000	5.770	6.123	7.261	8.195	10.059	11.267	16.728	
3 classes, kappa=0.575   0.000	5.279	5.985	7.445	8.467	9.980	11.201	17.004	
3 classes, kappa=0.577   0.000	5.463	5.985	7.347	8.384	10.103	10.951	16.498	
3 classes, kappa=0.579   0.000	5.463	6.108	7.557	8.279	10.129	11.208	16.928	
3 classes, kappa=0.581   0.000	5.770	5.878	7.334	8.283	10.032	11.089	16.590	
3 classes, kappa=0.582   0.000	5.463	6.262	7.932	8.577	10.353	11.339	16.958	
3 classes, kappa=0.582   0.000	5.832	6.308	7.761	8.471	10.300	11.076	16.851	
3 classes, kappa=0.582   0.000	5.709	6.031	7.630	8.222	9.901	11.214	16.728	
3 classes, kappa=0.584   0.000	5.893	6.538	7.794	8.471	10.208	11.365	16.974	
3 classes, kappa=0.586   0.000	6.384	6.522	7.801	8.467	10.309	11.398	16.590	
3 classes, kappa=0.586   0.000	6.200	6.461	7.735	8.660	10.291	11.267	16.697	
3 classes, kappa=0.586   0.000	5.770	6.599	7.603	8.572	10.138	11.162	16.390	
3 classes, kappa=0.587   0.000	5.709	6.676	7.880	8.590	10.164	11.372	16.774	
3 classes, kappa=0.588   0.000	6.077	6.430	7.833	8.528	10.230	11.201	16.344	
3 classes, kappa=0.588   0.000	5.832	6.384	7.544	8.432	10.089	11.043	16.314	
3 classes, kappa=0.590   0.000	6.016	6.169	7.676	8.371	10.028	11.162	16.068	
3 classes, kappa=0.592   0.000	6.016	6.231	7.616	8.375	10.019	11.056	16.483	
3 classes, kappa=0.594   0.000	5.832	6.323	7.630	8.287	9.945	11.069	16.467	
3 classes, kappa=0.594   0.000	5.770	6.169	7.491	8.099	9.853	10.892	17.035	
3 classes, kappa=0.596   0.000	5.955	6.446	7.636	8.327	10.046	11.069	16.314	
3 classes, kappa=0.596   0.000	5.770	6.031	7.413	8.173	9.975	10.918	15.562	
3 classes, kappa=0.596   0.000	6.568	6.139	7.209	8.243	9.739	10.977	16.743	
3 classes, kappa=0.596   0.000	5.525	6.215	7.413	8.292	10.054	10.754	16.467	
3 classes, kappa=0.596   0.000	5.157	6.323	7.551	8.213	9.958	10.991	16.191	
3 classes, kappa=0.597   0.000	6.077	6.262	7.498	8.296	9.975	11.056	16.268	
3 classes, kappa=0.598   0.000	5.832	6.292	7.531	8.143	10.019	10.997	16.406	
3 classes, kappa=0.599   0.000	6.077	6.308	7.511	8.222	10.050	10.958	15.807	
3 classes, kappa=0.600   0.000	6.507	6.154	7.741	8.393	9.940	10.977	16.037	
3 classes, kappa=0.600   0.000	5.586	6.338	7.340	8.243	9.897	10.773	16.298	
3 classes, kappa=0.601   0.000	5.832	6.262	7.511	8.055	9.879	10.852	16.007	
