2018-05-07.11:49:32

3 classes, kappa=-0.012   0.000	20.258	24.478	29.676	35.416	38.262	43.107	50.031	
3 classes, kappa=-0.012   0.000	20.626	24.048	29.275	35.692	38.288	43.416	50.184	
3 classes, kappa=-0.012   0.000	19.398	24.064	29.354	35.355	38.073	43.022	50.752	
3 classes, kappa=-0.012   0.000	20.012	24.678	29.262	35.416	38.459	42.982	50.721	
3 classes, kappa=-0.012   0.000	21.117	23.696	28.874	35.114	37.942	43.081	49.939	
3 classes, kappa=-0.011   0.000	20.442	24.893	30.038	35.793	38.086	43.502	49.340	
3 classes, kappa=-0.011   0.000	19.276	24.463	29.722	35.530	38.257	42.883	50.645	
3 classes, kappa=-0.011   0.000	21.854	24.524	29.453	35.644	38.472	43.015	50.353	
3 classes, kappa=-0.011   0.000	20.503	24.202	29.302	35.298	38.012	43.140	49.877	
3 classes, kappa=-0.011   0.000	20.810	24.309	29.440	35.385	38.499	43.008	50.737	
3 classes, kappa=-0.011   0.000	19.890	23.557	29.275	34.697	38.218	43.364	49.908	
3 classes, kappa=-0.011   0.000	19.767	24.217	29.466	35.355	38.306	42.752	50.031	
3 classes, kappa=-0.011   0.000	20.074	23.803	29.104	35.219	37.898	42.976	49.862	
3 classes, kappa=-0.011   0.000	20.994	24.417	29.420	35.407	38.244	42.680	49.079	
3 classes, kappa=-0.011   0.000	19.890	24.616	29.545	35.565	38.222	42.831	49.524	
3 classes, kappa=-0.011   0.000	19.214	24.509	29.295	35.061	38.161	43.140	49.770	
3 classes, kappa=-0.010   0.000	20.810	24.647	29.275	35.421	38.214	42.962	50.921	
3 classes, kappa=-0.010   0.000	20.688	24.309	29.302	35.539	38.187	43.041	50.230	
3 classes, kappa=-0.010   0.000	18.846	23.941	29.479	34.925	38.354	42.811	49.908	
3 classes, kappa=-0.010   0.000	19.460	24.125	29.157	35.162	38.157	42.752	50.046	
3 classes, kappa=-0.010   0.000	20.688	24.156	29.328	35.337	37.946	43.100	50.476	
3 classes, kappa=-0.010   0.000	20.565	24.386	29.223	35.285	38.222	42.699	50.107	
3 classes, kappa=-0.009   0.000	19.460	24.463	29.413	35.188	38.148	42.798	49.724	
3 classes, kappa=-0.009   0.000	19.767	24.386	29.597	35.403	38.082	42.976	50.107	
3 classes, kappa=-0.009   0.000	19.767	24.432	29.308	35.171	37.977	42.765	50.200	
3 classes, kappa=-0.009   0.000	19.091	24.279	29.124	35.333	38.161	42.877	50.353	
3 classes, kappa=-0.009   0.000	21.547	24.233	29.315	35.346	38.069	42.976	50.460	
3 classes, kappa=-0.009   0.000	20.810	23.910	29.223	35.153	38.336	42.594	50.215	
3 classes, kappa=-0.009   0.000	20.503	24.248	29.236	35.153	38.433	43.239	49.754	
3 classes, kappa=-0.009   0.000	20.074	24.601	29.255	35.425	38.104	42.916	50.061	
3 classes, kappa=-0.009   0.000	19.951	24.494	29.302	35.324	38.446	42.686	50.675	
3 classes, kappa=-0.009   0.000	20.688	24.325	29.630	35.578	38.319	42.923	49.463	
3 classes, kappa=-0.009   0.000	19.030	23.742	29.163	35.429	37.994	43.114	49.678	
3 classes, kappa=-0.009   0.000	19.583	24.202	29.676	34.868	38.179	42.772	49.724	
3 classes, kappa=-0.009   0.000	19.644	24.325	29.196	35.421	38.073	42.706	49.708	
3 classes, kappa=-0.008   0.000	20.442	24.616	29.124	34.855	38.143	42.837	50.138	
3 classes, kappa=-0.008   0.000	20.688	24.171	29.387	35.793	38.016	42.693	49.847	
3 classes, kappa=-0.008   0.000	20.196	24.048	29.367	35.276	37.955	42.890	49.969	
3 classes, kappa=-0.008   0.000	20.074	24.371	29.196	35.188	38.091	43.094	50.322	
3 classes, kappa=-0.008   0.000	20.258	24.355	28.953	35.478	38.152	42.423	50.982	
3 classes, kappa=-0.008   0.000	21.117	24.540	29.703	35.482	38.262	42.883	50.491	
3 classes, kappa=-0.008   0.000	19.583	24.048	29.466	35.219	38.078	42.897	50.230	
3 classes, kappa=-0.008   0.000	20.012	24.601	29.374	35.451	38.205	42.877	50.184	
3 classes, kappa=-0.008   0.000	18.785	23.527	28.933	35.021	37.780	42.706	49.555	
3 classes, kappa=-0.008   0.000	19.398	24.739	29.749	35.096	38.262	42.732	49.816	
3 classes, kappa=-0.007   0.000	20.074	23.665	28.788	34.587	37.666	42.482	49.355	
3 classes, kappa=-0.007   0.000	20.135	23.818	29.716	35.065	38.192	43.061	49.816	
3 classes, kappa=-0.007   0.000	19.767	23.465	28.690	34.390	37.565	42.226	49.847	
3 classes, kappa=-0.007   0.000	19.890	23.281	28.946	34.539	37.692	42.726	50.184	
3 classes, kappa=-0.007   0.000	19.828	23.941	29.150	34.951	38.284	42.568	49.800	
3 classes, kappa=-0.006   0.000	18.416	23.450	28.446	34.793	37.582	42.647	50.061	
3 classes, kappa=-0.006   0.000	19.153	23.174	28.302	34.715	37.832	42.278	49.800	
3 classes, kappa=-0.006   0.000	18.969	23.772	28.867	34.728	37.411	42.647	49.494	
3 classes, kappa=-0.006   0.000	20.442	23.343	28.624	34.715	37.438	42.660	49.018	
3 classes, kappa=-0.006   0.000	19.153	23.419	28.723	34.596	37.538	42.561	49.800	
3 classes, kappa=-0.006   0.000	19.398	22.729	28.670	34.394	37.389	42.272	49.279	
3 classes, kappa=-0.006   0.000	19.398	23.066	28.387	34.500	37.473	42.127	49.954	
3 classes, kappa=-0.006   0.000	19.337	23.036	28.256	34.951	37.863	42.160	50.338	
3 classes, kappa=-0.006   0.000	18.662	23.174	28.282	34.530	37.174	42.522	50.077	
3 classes, kappa=-0.006   0.000	19.951	22.897	28.335	34.596	37.310	42.167	49.908	
3 classes, kappa=-0.005   0.000	20.565	24.048	29.124	35.039	38.108	42.647	50.414	
3 classes, kappa=-0.005   0.000	17.864	23.527	28.637	34.408	37.595	42.245	50.230	
3 classes, kappa=-0.005   0.000	18.171	23.066	28.795	34.245	37.613	42.443	50.015	
3 classes, kappa=-0.005   0.000	18.048	23.297	28.835	34.394	37.381	42.160	49.754	
3 classes, kappa=-0.005   0.000	20.319	23.895	28.683	34.741	37.604	42.252	50.015	
3 classes, kappa=-0.005   0.000	19.214	23.235	28.506	34.517	37.556	42.088	50.721	
3 classes, kappa=-0.005   0.000	18.539	23.281	28.835	34.294	37.227	41.963	49.754	
3 classes, kappa=-0.005   0.000	19.951	24.171	29.177	35.004	37.858	42.574	49.678	
3 classes, kappa=-0.004   0.000	19.705	23.926	29.459	35.122	38.165	42.673	50.599	
3 classes, kappa=-0.004   0.000	19.276	23.910	29.052	34.886	37.591	42.607	50.353	
3 classes, kappa=-0.004   0.000	18.723	24.079	29.137	35.013	37.701	42.916	50.077	
3 classes, kappa=-0.004   0.000	20.012	23.297	28.578	34.653	37.666	42.081	48.573	
3 classes, kappa=-0.004   0.000	19.828	23.649	29.111	34.539	37.666	42.614	49.371	
3 classes, kappa=-0.004   0.000	19.890	23.343	29.354	34.780	37.841	42.607	49.509	
3 classes, kappa=-0.004   0.000	20.565	23.634	28.900	34.750	37.679	42.193	49.110	
3 classes, kappa=-0.003   0.000	18.907	23.112	28.986	34.289	37.407	42.147	48.680	
3 classes, kappa=-0.003   0.000	20.565	23.665	28.920	34.618	37.402	42.515	49.048	
3 classes, kappa=-0.003   0.000	19.153	23.404	28.019	34.864	37.293	41.976	49.248	
3 classes, kappa=-0.003   0.000	17.311	22.422	28.387	34.184	37.082	42.068	48.880	
3 classes, kappa=-0.003   0.000	19.644	23.036	28.427	34.561	37.328	41.936	49.217	
3 classes, kappa=-0.003   0.000	18.478	23.511	28.236	34.430	37.271	41.811	49.478	
3 classes, kappa=-0.002   0.000	19.214	23.281	28.782	35.035	37.547	42.324	49.494	
3 classes, kappa=-0.002   0.000	19.337	23.220	28.039	34.162	37.350	41.969	49.233	
3 classes, kappa=-0.002   0.000	18.662	22.882	27.953	33.934	36.999	42.028	48.956	
3 classes, kappa=-0.002   0.000	20.503	23.573	28.723	34.434	37.591	42.647	49.739	
3 classes, kappa=-0.002   0.000	17.741	22.959	27.914	33.952	37.021	41.956	49.448	
3 classes, kappa=-0.002   0.000	20.565	23.803	29.012	34.469	37.438	42.456	49.601	
3 classes, kappa=-0.002   0.000	18.907	23.235	28.650	34.513	37.538	42.114	48.818	
3 classes, kappa=-0.002   0.000	19.521	22.959	28.782	34.228	37.376	41.871	49.800	
3 classes, kappa=-0.002   0.000	19.030	23.281	28.558	34.298	37.376	42.140	48.972	
3 classes, kappa=-0.001   0.000	18.293	22.575	27.730	33.803	36.907	41.864	49.647	
3 classes, kappa=-0.001   0.000	19.337	23.143	28.664	34.320	37.416	42.245	49.309	
3 classes, kappa=-0.001   0.000	18.048	21.931	28.361	33.605	36.916	41.811	49.202	
3 classes, kappa=-0.001   0.000	17.864	22.207	28.302	33.820	36.903	41.930	49.417	
3 classes, kappa=-0.000   0.000	19.030	23.373	28.611	34.254	37.302	41.798	48.956	
3 classes, kappa=0.000   0.000	17.618	22.790	27.789	33.824	36.767	41.535	49.401	
3 classes, kappa=0.000   0.000	17.495	22.591	27.769	33.553	37.096	41.502	49.524	
3 classes, kappa=0.000   0.000	17.373	22.222	27.822	33.754	36.789	41.877	49.570	
3 classes, kappa=0.001   0.000	19.091	22.775	27.960	33.693	36.411	41.884	49.141	
3 classes, kappa=0.001   0.000	19.153	23.696	28.341	33.886	36.955	41.778	49.233	
3 classes, kappa=0.001   0.000	19.337	23.511	29.098	34.473	37.341	41.943	49.724	
3 classes, kappa=0.001   0.000	17.864	22.253	27.874	33.702	36.775	41.614	48.542	
3 classes, kappa=0.002   0.000	17.618	22.637	28.098	33.522	36.837	41.173	48.603	
3 classes, kappa=0.002   0.000	19.583	22.959	28.506	34.166	37.196	41.522	49.432	
3 classes, kappa=0.002   0.000	18.171	22.744	28.019	33.443	36.797	41.515	48.895	
3 classes, kappa=0.002   0.000	19.890	23.603	28.742	34.482	37.249	42.265	49.125	
3 classes, kappa=0.002   0.000	19.828	23.220	28.131	34.180	36.929	41.279	48.956	
3 classes, kappa=0.002   0.000	19.583	23.527	28.348	34.460	37.214	41.456	49.095	
3 classes, kappa=0.002   0.000	19.460	24.263	28.736	33.938	37.376	41.871	50.015	
3 classes, kappa=0.002   0.000	19.214	23.465	28.887	34.592	37.503	41.943	49.708	
3 classes, kappa=0.002   0.000	18.600	23.005	28.157	33.785	36.990	42.088	48.803	
3 classes, kappa=0.002   0.000	17.311	22.606	28.183	33.842	36.701	41.305	49.724	
3 classes, kappa=0.002   0.000	17.741	22.406	27.631	33.390	36.477	41.627	48.941	
3 classes, kappa=0.002   0.000	17.066	22.621	27.499	33.373	36.490	41.607	48.726	
3 classes, kappa=0.002   0.000	18.723	22.452	28.446	33.728	36.986	41.351	48.312	
3 classes, kappa=0.002   0.000	18.969	23.266	27.979	33.895	36.867	41.693	48.619	
3 classes, kappa=0.002   0.000	19.583	23.588	27.644	33.921	37.008	41.404	48.619	
3 classes, kappa=0.002   0.000	19.521	22.928	28.308	33.561	36.824	41.483	49.079	
3 classes, kappa=0.002   0.000	19.214	22.990	28.341	33.934	36.863	41.298	49.233	
3 classes, kappa=0.002   0.000	19.091	24.110	28.407	34.127	37.012	41.654	49.570	
3 classes, kappa=0.002   0.000	17.802	22.713	27.914	33.930	36.968	41.390	49.340	
3 classes, kappa=0.002   0.000	19.583	23.128	28.512	34.228	37.074	42.002	48.803	
3 classes, kappa=0.002   0.000	17.373	21.839	27.598	33.807	36.324	41.588	48.496	
3 classes, kappa=0.003   0.000	19.460	22.836	28.137	33.833	36.609	41.673	48.573	
3 classes, kappa=0.003   0.000	17.986	22.805	27.920	33.873	37.087	41.272	47.944	
3 classes, kappa=0.003   0.000	18.171	22.805	27.940	33.636	36.946	41.654	48.803	
3 classes, kappa=0.003   0.000	19.583	23.649	28.650	34.355	37.381	41.877	49.064	
3 classes, kappa=0.003   0.000	19.030	23.481	28.736	33.987	37.065	41.936	48.465	
3 classes, kappa=0.003   0.000	18.539	22.775	27.677	33.592	36.745	41.265	48.880	
3 classes, kappa=0.003   0.000	19.583	23.450	28.637	33.860	37.038	41.660	48.619	
3 classes, kappa=0.003   0.000	19.153	22.606	28.177	33.702	36.679	41.121	49.432	
3 classes, kappa=0.003   0.000	17.802	22.667	27.914	33.689	36.723	41.285	49.064	
3 classes, kappa=0.003   0.000	18.907	23.036	27.690	33.500	36.407	41.568	49.125	
3 classes, kappa=0.003   0.000	18.109	22.851	28.039	33.886	36.789	41.640	48.496	
3 classes, kappa=0.003   0.000	17.557	22.514	27.730	33.517	36.872	41.469	48.910	
3 classes, kappa=0.003   0.000	17.373	22.928	28.144	33.728	37.087	41.338	49.309	
3 classes, kappa=0.003   0.000	17.925	22.913	27.802	33.553	36.578	41.404	48.465	
3 classes, kappa=0.003   0.000	20.135	23.772	28.414	33.842	37.367	41.713	49.141	
3 classes, kappa=0.003   0.000	18.109	23.235	28.236	33.482	36.648	41.581	49.079	
3 classes, kappa=0.003   0.000	19.583	23.082	28.624	34.057	37.052	41.917	49.401	
3 classes, kappa=0.003   0.000	18.355	23.082	28.190	33.671	36.955	41.811	48.803	
3 classes, kappa=0.003   0.000	18.232	23.036	27.914	33.995	36.872	41.838	49.156	
3 classes, kappa=0.003   0.000	17.434	23.450	27.749	33.097	36.683	41.706	48.849	
3 classes, kappa=0.003   0.000	18.048	22.314	27.684	33.522	36.499	41.522	49.739	
3 classes, kappa=0.004   0.000	19.337	22.529	28.335	33.820	36.767	41.831	49.401	
3 classes, kappa=0.004   0.000	18.539	22.652	28.552	33.803	37.253	41.680	48.634	
3 classes, kappa=0.005   0.000	19.521	23.588	28.486	34.180	36.867	41.489	50.399	
3 classes, kappa=0.005   0.000	19.705	23.312	28.736	33.789	36.933	41.594	48.481	
3 classes, kappa=0.005   0.000	20.258	23.465	28.440	33.886	37.231	41.358	48.143	
3 classes, kappa=0.006   0.000	20.503	23.803	28.210	34.035	36.872	41.450	49.095	
3 classes, kappa=0.006   0.000	19.398	24.033	28.545	33.899	37.258	41.989	48.818	
3 classes, kappa=0.006   0.000	19.276	23.527	28.335	34.390	37.205	41.423	49.095	
3 classes, kappa=0.006   0.000	21.056	23.941	28.558	34.197	37.306	41.279	48.910	
3 classes, kappa=0.007   0.000	19.337	23.496	28.466	34.000	36.999	41.680	49.002	
3 classes, kappa=0.007   0.000	20.503	24.079	28.604	34.254	37.433	41.325	49.279	
3 classes, kappa=0.008   0.000	20.503	23.665	28.611	33.899	37.113	41.358	48.619	
3 classes, kappa=0.008   0.000	20.258	23.834	28.821	34.232	37.341	41.607	49.417	
3 classes, kappa=0.008   0.000	21.056	23.112	28.828	34.022	37.332	41.450	49.309	
3 classes, kappa=0.008   0.000	20.503	23.941	28.414	33.943	37.179	41.654	48.742	
3 classes, kappa=0.008   0.000	20.135	23.266	28.900	34.057	37.117	41.456	49.831	
3 classes, kappa=0.008   0.000	20.074	23.742	28.407	34.022	37.183	41.272	48.235	
3 classes, kappa=0.009   0.000	20.135	23.910	28.867	33.960	37.012	41.588	48.680	
3 classes, kappa=0.009   0.000	19.951	23.343	28.321	33.930	37.153	41.279	49.770	
3 classes, kappa=0.009   0.000	20.258	23.481	28.308	34.000	36.736	41.305	48.389	
3 classes, kappa=0.010   0.000	21.301	23.895	28.354	33.588	36.657	41.318	48.481	
3 classes, kappa=0.010   0.000	18.846	23.404	27.960	33.412	36.810	40.950	48.250	
3 classes, kappa=0.010   0.000	19.583	22.990	27.940	33.136	36.464	40.956	48.941	
3 classes, kappa=0.010   0.000	18.293	23.174	27.841	33.307	36.280	41.088	48.803	
3 classes, kappa=0.010   0.000	19.091	23.143	28.091	33.566	36.683	41.351	48.849	
3 classes, kappa=0.010   0.000	19.828	22.805	27.624	32.926	36.175	41.265	48.128	
3 classes, kappa=0.010   0.000	19.460	23.220	27.723	33.535	36.679	40.983	49.110	
3 classes, kappa=0.010   0.000	19.951	23.051	27.618	33.342	36.048	40.950	48.496	
3 classes, kappa=0.011   0.000	18.662	22.667	27.618	33.110	36.306	41.134	48.327	
3 classes, kappa=0.011   0.000	19.091	22.836	27.427	32.926	36.232	40.858	48.849	
3 classes, kappa=0.011   0.000	18.600	22.821	27.499	32.978	36.341	40.891	48.051	
3 classes, kappa=0.011   0.000	19.583	22.713	27.703	33.219	36.433	40.759	49.217	
3 classes, kappa=0.011   0.000	18.600	23.082	27.789	33.474	36.464	40.785	48.619	
3 classes, kappa=0.011   0.000	18.969	22.805	27.039	33.044	36.249	40.667	48.189	
3 classes, kappa=0.011   0.000	18.846	22.698	27.289	33.127	35.881	40.845	47.775	
3 classes, kappa=0.012   0.000	19.214	22.744	27.605	33.013	36.131	40.674	48.634	
3 classes, kappa=0.012   0.000	20.012	22.698	27.499	32.908	36.157	40.568	48.772	
3 classes, kappa=0.012   0.000	18.662	22.621	27.263	33.167	36.052	41.009	48.619	
3 classes, kappa=0.012   0.000	18.600	22.529	27.453	32.943	35.995	40.213	47.882	
3 classes, kappa=0.012   0.000	18.478	22.698	27.749	32.847	36.148	40.496	48.818	
3 classes, kappa=0.012   0.000	19.337	22.621	27.539	33.083	36.074	40.595	48.128	
3 classes, kappa=0.012   0.000	18.600	22.790	27.749	32.895	36.105	40.877	48.158	
3 classes, kappa=0.012   0.000	17.434	22.790	27.440	32.772	36.170	40.779	48.389	
3 classes, kappa=0.012   0.000	19.337	22.944	27.815	33.070	36.087	40.509	47.498	
3 classes, kappa=0.013   0.000	17.864	22.652	27.545	32.553	36.118	40.430	48.726	
3 classes, kappa=0.013   0.000	17.864	22.376	27.105	32.733	36.065	40.516	48.557	
3 classes, kappa=0.013   0.000	18.723	22.360	27.223	32.728	35.833	40.654	48.358	
3 classes, kappa=0.013   0.000	18.293	22.560	27.230	32.886	35.977	40.470	48.189	
3 classes, kappa=0.014   0.000	19.398	23.097	27.559	32.641	35.920	40.693	48.772	
3 classes, kappa=0.014   0.000	18.969	22.667	27.348	32.899	36.087	40.621	47.713	
3 classes, kappa=0.014   0.000	18.048	22.606	27.289	32.974	35.925	40.733	47.882	
3 classes, kappa=0.015   0.000	18.478	22.130	27.052	32.474	36.061	39.871	47.759	
3 classes, kappa=0.015   0.000	17.802	22.606	27.230	32.684	35.837	40.509	47.729	
3 classes, kappa=0.015   0.000	18.662	22.713	27.072	32.917	35.793	40.062	48.527	
3 classes, kappa=0.015   0.000	18.846	22.683	27.315	32.649	35.640	40.325	47.729	
3 classes, kappa=0.016   0.000	19.337	22.575	27.263	32.724	35.964	40.614	48.435	
3 classes, kappa=0.017   0.000	19.828	22.944	27.328	32.623	35.833	40.476	47.468	
3 classes, kappa=0.017   0.000	19.398	22.759	27.078	32.342	35.526	40.378	47.867	
3 classes, kappa=0.017   0.000	19.153	22.759	27.157	32.518	35.723	40.062	48.204	
3 classes, kappa=0.017   0.000	18.846	21.823	26.710	32.303	35.526	39.963	48.051	
3 classes, kappa=0.018   0.000	18.416	21.946	26.651	32.320	35.596	39.983	48.496	
3 classes, kappa=0.018   0.000	17.373	21.808	26.401	31.799	35.171	39.779	47.422	
3 classes, kappa=0.018   0.000	17.986	21.762	26.427	31.961	35.258	40.128	47.836	
3 classes, kappa=0.018   0.000	18.478	22.268	26.815	32.171	35.245	40.049	47.575	
3 classes, kappa=0.019   0.000	17.802	22.452	26.901	32.623	35.399	39.838	48.189	
3 classes, kappa=0.019   0.000	18.232	22.145	26.546	32.022	35.346	40.180	47.851	
3 classes, kappa=0.019   0.000	16.513	22.145	26.605	31.957	34.925	39.733	47.667	
3 classes, kappa=0.020   0.000	18.232	21.793	26.368	31.540	34.969	39.365	47.959	
3 classes, kappa=0.020   0.000	17.680	21.608	26.322	31.676	34.995	39.424	48.220	
3 classes, kappa=0.020   0.000	17.250	20.918	26.006	31.799	34.859	39.549	47.345	
3 classes, kappa=0.021   0.000	16.759	21.516	25.842	31.790	34.868	39.490	47.115	
3 classes, kappa=0.021   0.000	16.882	21.071	26.164	31.566	34.679	39.772	47.314	
3 classes, kappa=0.021   0.000	17.188	21.808	26.309	31.540	34.741	39.555	47.222	
3 classes, kappa=0.022   0.000	17.250	21.255	26.230	31.671	34.666	39.430	47.099	
3 classes, kappa=0.022   0.000	16.943	21.808	26.250	31.755	34.469	39.575	46.777	
3 classes, kappa=0.022   0.000	17.066	22.038	27.006	31.378	35.236	40.627	45.795	
3 classes, kappa=0.022   0.000	16.452	22.130	27.138	31.540	35.364	40.845	46.562	
3 classes, kappa=0.022   0.000	17.741	20.718	26.368	31.711	34.386	39.562	47.161	
3 classes, kappa=0.022   0.000	16.636	21.992	26.907	31.268	35.241	40.404	46.562	
3 classes, kappa=0.022   0.000	16.452	21.946	26.861	31.417	35.258	40.463	46.624	
3 classes, kappa=0.023   0.000	17.680	22.069	27.598	31.886	35.793	40.706	46.501	
3 classes, kappa=0.023   0.000	18.109	21.777	25.875	31.338	34.820	39.398	47.928	
3 classes, kappa=0.023   0.000	17.373	21.931	27.019	31.650	35.377	40.621	46.424	
3 classes, kappa=0.023   0.000	17.311	21.777	27.348	31.860	35.613	40.285	46.225	
3 classes, kappa=0.023   0.000	17.127	21.455	27.085	31.728	35.390	40.608	46.470	
3 classes, kappa=0.023   0.000	17.864	21.685	27.473	31.856	35.416	40.443	45.365	
3 classes, kappa=0.023   0.000	18.662	21.624	27.388	31.851	35.688	40.838	46.839	
3 classes, kappa=0.023   0.000	17.311	22.053	27.355	31.711	35.666	40.864	46.347	
3 classes, kappa=0.023   0.000	16.329	21.532	26.986	31.404	35.306	40.713	46.225	
3 classes, kappa=0.023   0.000	17.373	22.222	27.460	31.842	35.355	41.114	46.961	
3 classes, kappa=0.023   0.000	17.311	22.130	27.118	31.750	35.403	40.706	46.393	
3 classes, kappa=0.023   0.000	17.434	21.823	26.960	31.680	35.394	40.969	46.440	
3 classes, kappa=0.023   0.000	16.820	22.897	27.401	31.465	35.495	40.555	46.133	
3 classes, kappa=0.023   0.000	15.838	21.793	27.217	31.356	35.407	40.397	45.549	
3 classes, kappa=0.023   0.000	17.127	22.161	27.078	31.807	35.552	40.641	46.102	
3 classes, kappa=0.023   0.000	15.899	21.915	26.888	31.544	35.350	40.706	46.409	
3 classes, kappa=0.023   0.000	17.250	22.023	26.973	31.452	35.399	40.917	46.133	
3 classes, kappa=0.023   0.000	17.434	22.314	27.170	31.356	35.403	40.660	47.007	
3 classes, kappa=0.023   0.000	17.004	22.176	27.269	31.619	35.451	40.529	46.363	
3 classes, kappa=0.023   0.000	16.697	22.069	27.019	31.610	35.214	40.397	46.808	
3 classes, kappa=0.023   0.000	17.004	22.023	27.032	31.663	35.179	40.720	46.041	
3 classes, kappa=0.023   0.000	17.004	21.639	27.039	31.663	35.302	40.549	46.777	
3 classes, kappa=0.023   0.000	17.311	20.841	25.973	31.351	34.421	39.174	47.575	
3 classes, kappa=0.023   0.000	16.145	21.685	26.940	31.233	35.135	40.877	46.301	
3 classes, kappa=0.023   0.000	16.452	21.961	27.026	31.641	35.416	40.463	45.902	
3 classes, kappa=0.024   0.000	16.697	21.977	27.559	31.571	35.390	40.759	46.225	
3 classes, kappa=0.024   0.000	17.311	22.207	26.611	31.479	35.298	40.299	46.532	
3 classes, kappa=0.024   0.000	16.575	21.885	27.092	31.299	35.201	40.246	46.347	
3 classes, kappa=0.024   0.000	16.943	22.729	27.828	31.764	35.425	40.535	46.931	
3 classes, kappa=0.024   0.000	16.575	22.545	27.157	31.886	35.263	40.220	46.363	
3 classes, kappa=0.024   0.000	17.066	22.007	27.236	31.483	35.109	40.516	46.501	
3 classes, kappa=0.024   0.000	16.145	21.854	27.670	31.597	35.706	40.384	46.209	
3 classes, kappa=0.024   0.000	17.864	22.805	27.526	31.847	35.478	40.601	46.839	
3 classes, kappa=0.024   0.000	19.091	22.391	27.401	31.952	35.390	40.338	46.424	
3 classes, kappa=0.024   0.000	17.557	22.299	27.460	31.343	35.556	40.562	45.918	
3 classes, kappa=0.024   0.000	17.864	21.133	25.895	31.172	34.390	39.325	46.716	
3 classes, kappa=0.024   0.000	17.741	21.915	26.973	31.772	35.429	40.082	46.808	
3 classes, kappa=0.024   0.000	17.802	22.299	27.217	31.785	35.223	40.660	46.946	
3 classes, kappa=0.024   0.000	16.022	22.360	27.243	31.908	34.925	40.378	46.148	
3 classes, kappa=0.024   0.000	17.311	22.099	26.809	31.632	35.600	40.345	46.931	
3 classes, kappa=0.025   0.000	17.802	21.562	27.157	31.443	35.179	40.450	46.440	
3 classes, kappa=0.025   0.000	16.575	22.192	26.973	31.728	35.469	40.312	47.284	
3 classes, kappa=0.025   0.000	17.434	21.885	27.105	31.614	35.285	40.180	46.470	
3 classes, kappa=0.025   0.000	16.268	21.946	26.993	31.194	35.105	40.358	45.641	
3 classes, kappa=0.025   0.000	15.961	22.145	26.677	31.150	35.192	39.588	45.289	
3 classes, kappa=0.025   0.000	16.636	22.038	26.730	31.101	35.039	39.792	46.378	
3 classes, kappa=0.026   0.000	17.864	21.854	26.072	31.251	34.574	39.227	47.360	
3 classes, kappa=0.026   0.000	17.557	21.670	26.033	31.391	34.570	39.490	47.422	
3 classes, kappa=0.026   0.000	17.986	21.163	26.118	31.378	34.294	39.549	46.746	
3 classes, kappa=0.026   0.000	17.925	21.777	26.651	30.742	34.969	40.207	45.933	
3 classes, kappa=0.026   0.000	16.575	21.041	26.782	31.036	34.960	40.101	45.764	
3 classes, kappa=0.026   0.000	16.820	21.685	26.019	31.360	34.316	39.582	48.327	
3 classes, kappa=0.026   0.000	17.925	21.670	26.112	31.299	34.535	39.601	47.944	
3 classes, kappa=0.026   0.000	18.109	21.455	26.092	31.321	34.653	39.200	46.946	
3 classes, kappa=0.026   0.000	17.127	21.639	25.954	31.365	34.469	39.305	46.931	
3 classes, kappa=0.026   0.000	17.495	20.979	25.776	31.290	34.443	39.036	47.268	
3 classes, kappa=0.026   0.000	17.311	21.823	25.789	31.443	34.653	39.082	46.363	
3 classes, kappa=0.026   0.000	17.986	21.347	25.947	31.251	34.609	38.937	47.007	
3 classes, kappa=0.026   0.000	15.777	21.271	25.881	31.080	34.145	39.161	47.698	
3 classes, kappa=0.027   0.000	16.697	21.409	25.980	31.229	34.320	38.654	47.713	
3 classes, kappa=0.027   0.000	18.478	21.562	26.204	31.110	34.715	39.213	46.931	
3 classes, kappa=0.027   0.000	16.575	21.685	25.638	31.400	34.215	39.174	47.545	
3 classes, kappa=0.027   0.000	16.697	20.933	25.901	31.224	34.289	39.134	47.529	
3 classes, kappa=0.027   0.000	18.416	21.593	25.888	31.044	34.294	39.102	47.345	
3 classes, kappa=0.027   0.000	17.188	21.823	26.171	31.378	34.820	38.931	47.207	
3 classes, kappa=0.027   0.000	17.250	21.532	26.546	31.163	35.188	40.036	45.427	
3 classes, kappa=0.027   0.000	16.820	21.209	25.954	31.325	34.539	39.069	47.115	
3 classes, kappa=0.027   0.000	18.232	21.102	25.934	31.303	34.500	38.911	45.826	
3 classes, kappa=0.027   0.000	17.434	21.562	26.513	30.580	34.947	40.128	46.378	
3 classes, kappa=0.027   0.000	18.171	21.378	25.855	31.062	34.280	38.799	47.683	
3 classes, kappa=0.027   0.000	17.495	21.608	25.855	30.952	34.324	39.128	46.363	
3 classes, kappa=0.027   0.000	15.899	21.117	25.993	31.487	34.684	39.213	46.762	
3 classes, kappa=0.027   0.000	15.715	21.041	25.763	31.395	34.294	38.832	47.560	
3 classes, kappa=0.027   0.000	15.040	20.948	25.599	30.413	34.364	39.450	46.117	
3 classes, kappa=0.027   0.000	16.820	21.301	26.526	30.891	34.596	39.865	46.409	
3 classes, kappa=0.027   0.000	17.434	21.670	26.197	31.601	34.504	39.325	47.790	
3 classes, kappa=0.027   0.000	17.557	21.716	26.539	30.702	34.592	39.700	45.519	
3 classes, kappa=0.027   0.000	16.636	20.887	25.789	30.137	34.351	39.542	46.102	
3 classes, kappa=0.027   0.000	18.478	20.749	25.480	31.014	34.245	38.740	47.345	
3 classes, kappa=0.027   0.000	16.329	20.519	26.026	30.685	34.675	39.950	45.641	
3 classes, kappa=0.027   0.000	15.654	21.117	25.987	30.299	34.039	39.516	45.150	
3 classes, kappa=0.027   0.000	17.986	21.839	26.256	31.101	34.693	39.404	46.931	
3 classes, kappa=0.027   0.000	16.329	21.777	26.256	31.343	34.561	39.227	47.023	
3 classes, kappa=0.027   0.000	17.680	20.964	25.829	30.992	34.408	39.180	47.545	
3 classes, kappa=0.027   0.000	17.066	20.688	25.737	30.720	34.416	39.470	45.381	
3 classes, kappa=0.028   0.000	16.513	20.964	26.112	30.567	34.430	39.766	46.255	
3 classes, kappa=0.028   0.000	18.109	21.793	26.144	31.189	34.285	39.180	46.501	
3 classes, kappa=0.028   0.000	16.022	21.163	25.704	30.356	34.653	39.338	46.163	
3 classes, kappa=0.028   0.000	16.513	21.486	26.039	31.154	34.701	38.746	46.547	
3 classes, kappa=0.028   0.000	14.979	20.764	25.842	30.220	34.438	39.398	45.043	
3 classes, kappa=0.028   0.000	16.513	21.409	26.105	30.852	34.438	39.805	45.764	
3 classes, kappa=0.028   0.000	18.048	21.716	26.171	31.527	34.636	39.042	47.238	
3 classes, kappa=0.028   0.000	15.285	21.163	26.118	30.786	34.495	39.569	45.519	
3 classes, kappa=0.028   0.000	15.592	21.133	25.901	30.545	34.394	39.799	45.534	
3 classes, kappa=0.028   0.000	16.083	20.918	26.046	30.106	34.206	39.601	45.688	
3 classes, kappa=0.028   0.000	15.163	20.227	25.862	30.343	34.583	39.102	45.580	
3 classes, kappa=0.028   0.000	16.636	21.225	25.480	30.878	34.092	38.700	47.222	
3 classes, kappa=0.028   0.000	15.592	20.734	25.474	30.496	34.320	39.371	46.455	
3 classes, kappa=0.028   0.000	17.250	22.314	25.901	31.281	34.850	39.286	47.729	
3 classes, kappa=0.028   0.000	14.917	20.427	25.625	30.282	34.166	39.338	45.672	
3 classes, kappa=0.028   0.000	18.109	21.915	25.868	31.452	34.456	39.148	47.007	
3 classes, kappa=0.028   0.000	15.715	20.826	26.401	30.610	34.495	39.687	45.672	
3 classes, kappa=0.028   0.000	17.925	21.501	25.914	31.049	34.131	39.213	46.578	
3 classes, kappa=0.028   0.000	15.899	20.872	26.414	30.702	34.552	39.483	44.890	
3 classes, kappa=0.028   0.000	17.802	21.793	25.908	31.321	34.640	39.042	47.222	
3 classes, kappa=0.028   0.000	17.066	21.424	25.796	31.461	34.425	39.056	47.038	
3 classes, kappa=0.028   0.000	18.662	21.332	25.927	31.154	34.736	39.056	48.066	
3 classes, kappa=0.028   0.000	17.066	21.194	26.158	30.891	34.675	39.266	45.841	
3 classes, kappa=0.028   0.000	17.434	20.948	25.921	30.983	34.346	38.957	47.360	
3 classes, kappa=0.029   0.000	15.592	20.933	25.816	30.567	34.009	39.601	46.025	
3 classes, kappa=0.029   0.000	18.478	23.020	26.802	31.965	35.078	39.549	46.470	
3 classes, kappa=0.029   0.000	15.592	21.332	25.875	30.891	34.403	39.930	45.918	
3 classes, kappa=0.029   0.000	16.390	21.486	26.210	30.255	34.430	39.338	45.258	
3 classes, kappa=0.029   0.000	17.434	21.977	27.236	32.005	34.969	39.851	47.038	
3 classes, kappa=0.029   0.000	15.899	20.964	25.671	30.211	34.544	39.430	44.828	
3 classes, kappa=0.029   0.000	15.777	20.672	25.941	30.334	34.000	38.996	45.242	
3 classes, kappa=0.029   0.000	16.943	21.393	26.197	31.132	34.022	39.003	47.330	
3 classes, kappa=0.029   0.000	17.066	21.654	26.033	31.312	34.644	39.121	47.069	
3 classes, kappa=0.029   0.000	17.373	21.470	26.500	31.299	34.855	39.233	46.777	
3 classes, kappa=0.029   0.000	15.470	20.534	25.829	30.378	33.824	39.108	45.810	
3 classes, kappa=0.029   0.000	18.846	22.498	26.894	32.075	35.127	39.450	47.192	
3 classes, kappa=0.029   0.000	18.662	22.284	27.184	31.698	35.280	39.726	47.238	
3 classes, kappa=0.029   0.000	17.864	21.347	25.743	31.233	34.416	39.292	46.547	
3 classes, kappa=0.030   0.000	18.846	22.099	26.868	31.755	34.877	39.411	47.637	
3 classes, kappa=0.030   0.000	19.214	22.038	27.177	31.825	35.333	39.601	48.036	
3 classes, kappa=0.030   0.000	19.951	22.007	26.736	31.825	34.925	39.595	47.391	
3 classes, kappa=0.030   0.000	18.109	22.498	26.835	31.882	35.249	39.411	46.885	
3 classes, kappa=0.030   0.000	17.557	21.317	26.046	30.821	34.215	38.575	46.117	
3 classes, kappa=0.030   0.000	14.365	20.411	25.270	30.089	34.048	39.095	44.751	
3 classes, kappa=0.030   0.000	19.030	22.207	26.960	31.838	34.807	39.647	47.053	
3 classes, kappa=0.030   0.000	17.188	21.700	25.691	31.106	34.465	39.023	46.885	
3 classes, kappa=0.030   0.000	18.662	22.238	27.052	31.821	35.324	39.332	47.759	
3 classes, kappa=0.030   0.000	17.495	21.777	26.066	31.474	34.425	38.819	46.071	
3 classes, kappa=0.030   0.000	17.802	21.301	26.204	31.347	34.153	38.812	46.946	
3 classes, kappa=0.030   0.000	16.268	20.519	25.737	30.216	33.978	38.871	46.317	
3 classes, kappa=0.030   0.000	19.276	21.992	26.723	31.847	34.833	39.009	47.192	
3 classes, kappa=0.030   0.000	19.153	22.729	26.736	31.571	35.035	39.470	47.038	
3 classes, kappa=0.030   0.000	16.943	20.718	25.789	30.119	34.149	39.292	45.718	
3 classes, kappa=0.030   0.000	16.697	21.624	25.691	31.080	34.123	38.819	47.759	
3 classes, kappa=0.031   0.000	17.864	21.271	26.348	31.588	34.311	39.095	47.376	
3 classes, kappa=0.031   0.000	18.416	22.299	26.776	31.970	35.214	39.720	47.376	
3 classes, kappa=0.031   0.000	18.355	21.731	26.605	31.685	35.285	39.351	47.483	
3 classes, kappa=0.031   0.000	18.171	21.486	26.703	31.882	34.960	39.312	47.345	
3 classes, kappa=0.031   0.000	15.961	20.626	25.973	30.295	34.337	39.128	45.580	
3 classes, kappa=0.031   0.000	16.206	20.887	25.947	30.308	34.083	39.444	45.289	
3 classes, kappa=0.031   0.000	18.662	22.161	26.500	31.698	34.846	39.273	47.683	
3 classes, kappa=0.031   0.000	15.163	20.795	25.704	29.904	33.750	39.088	45.734	
3 classes, kappa=0.031   0.000	18.907	22.238	27.111	32.307	34.995	39.654	47.621	
3 classes, kappa=0.031   0.000	18.048	21.501	25.960	31.378	34.193	38.996	48.481	
3 classes, kappa=0.031   0.000	18.293	21.547	26.401	31.233	34.956	39.102	46.900	
3 classes, kappa=0.032   0.000	19.091	22.591	27.006	32.018	35.096	39.128	47.821	
3 classes, kappa=0.032   0.000	15.531	20.718	25.763	30.097	33.803	39.154	44.905	
3 classes, kappa=0.032   0.000	16.513	20.442	25.783	30.089	33.921	39.542	45.120	
3 classes, kappa=0.032   0.000	18.048	21.808	26.717	31.790	35.092	39.121	47.053	
3 classes, kappa=0.033   0.000	16.390	20.319	25.441	29.900	33.785	39.305	45.688	
3 classes, kappa=0.033   0.000	18.478	21.900	26.190	31.430	34.671	38.832	46.486	
3 classes, kappa=0.033   0.000	15.040	20.396	24.954	29.690	33.522	39.194	45.028	
3 classes, kappa=0.033   0.000	16.329	20.488	25.362	29.957	33.833	39.259	44.751	
3 classes, kappa=0.033   0.000	17.986	22.084	26.375	31.724	34.688	39.187	48.174	
3 classes, kappa=0.033   0.000	19.644	22.468	26.506	31.755	34.517	39.128	46.869	
3 classes, kappa=0.033   0.000	14.979	20.365	25.099	29.558	33.513	38.766	44.552	
3 classes, kappa=0.033   0.000	17.741	21.762	26.283	31.452	34.671	39.180	46.347	
3 classes, kappa=0.033   0.000	17.066	20.227	25.460	29.589	33.846	39.023	45.902	
3 classes, kappa=0.034   0.000	19.398	21.839	26.710	31.492	34.741	39.174	46.501	
3 classes, kappa=0.034   0.000	17.434	21.793	26.690	31.667	34.636	39.240	47.406	
3 classes, kappa=0.034   0.000	15.470	20.519	25.243	29.304	33.662	38.746	44.797	
3 classes, kappa=0.034   0.000	18.600	22.145	26.618	31.768	34.649	39.102	47.836	
3 classes, kappa=0.034   0.000	17.680	21.654	25.829	31.014	34.868	38.687	47.560	
3 classes, kappa=0.034   0.000	15.838	20.381	25.250	29.554	33.614	38.917	45.181	
3 classes, kappa=0.034   0.000	17.311	21.409	26.361	31.167	34.403	38.858	46.440	
3 classes, kappa=0.035   0.000	15.101	20.427	25.046	29.747	33.487	39.108	43.738	
3 classes, kappa=0.035   0.000	15.285	20.580	24.961	29.668	33.579	39.161	44.613	
3 classes, kappa=0.035   0.000	18.048	22.176	26.421	30.860	34.390	38.746	46.915	
3 classes, kappa=0.035   0.000	15.592	20.672	25.645	29.602	33.767	38.845	44.905	
3 classes, kappa=0.036   0.000	16.145	19.843	24.974	29.571	33.487	38.990	44.015	
3 classes, kappa=0.036   0.000	19.214	22.099	26.473	31.509	34.697	39.128	46.977	
3 classes, kappa=0.036   0.000	18.171	21.363	26.184	31.049	34.219	38.299	46.624	
3 classes, kappa=0.036   0.000	17.741	21.685	26.092	31.277	34.434	38.878	46.409	
3 classes, kappa=0.036   0.000	15.163	20.381	25.309	29.606	33.781	38.852	45.335	
3 classes, kappa=0.036   0.000	16.390	20.457	25.671	29.887	33.960	39.115	44.751	
3 classes, kappa=0.036   0.000	18.048	21.608	26.625	31.439	34.508	39.351	47.161	
3 classes, kappa=0.036   0.000	17.741	22.207	26.230	31.685	34.579	38.865	46.547	
3 classes, kappa=0.036   0.000	18.355	21.286	25.881	31.202	34.245	38.799	46.762	
3 classes, kappa=0.036   0.000	16.329	20.411	25.428	29.483	33.513	38.819	45.212	
3 classes, kappa=0.037   0.000	18.662	21.915	26.408	31.158	34.329	39.167	46.961	
3 classes, kappa=0.037   0.000	15.592	20.749	25.381	29.549	33.460	38.773	44.767	
3 classes, kappa=0.037   0.000	15.961	20.611	25.217	29.431	33.460	38.667	45.074	
3 classes, kappa=0.037   0.000	17.618	22.268	26.335	31.167	34.763	38.990	47.099	
3 classes, kappa=0.037   0.000	17.618	21.271	25.954	30.948	34.465	38.917	46.915	
3 classes, kappa=0.037   0.000	15.654	20.657	24.862	29.536	33.197	38.496	44.629	
3 classes, kappa=0.037   0.000	18.478	21.562	26.164	31.132	34.197	38.792	46.608	
3 classes, kappa=0.037   0.000	18.600	21.532	26.552	31.198	34.846	39.009	47.115	
3 classes, kappa=0.037   0.000	15.899	20.918	25.520	29.913	33.680	38.891	44.859	
3 classes, kappa=0.037   0.000	18.723	21.532	26.066	30.996	34.421	39.299	47.238	
3 classes, kappa=0.037   0.000	15.654	20.918	25.079	29.488	33.237	38.549	44.890	
3 classes, kappa=0.037   0.000	18.355	21.992	26.144	30.935	34.684	38.891	46.946	
3 classes, kappa=0.037   0.000	15.777	20.519	25.691	29.782	33.298	39.187	44.675	
3 classes, kappa=0.037   0.000	16.329	20.734	25.092	29.580	33.263	38.806	44.721	
3 classes, kappa=0.037   0.000	15.777	21.163	25.835	29.891	33.899	38.733	44.859	
3 classes, kappa=0.037   0.000	17.250	21.041	25.651	31.237	34.228	38.510	47.483	
3 classes, kappa=0.037   0.000	17.741	21.700	26.434	31.194	34.482	39.042	47.606	
3 classes, kappa=0.037   0.000	16.268	20.273	25.079	29.286	33.285	38.312	44.521	
3 classes, kappa=0.037   0.000	15.592	20.688	25.066	29.549	33.083	38.293	45.196	
3 classes, kappa=0.037   0.000	17.250	21.347	26.204	31.084	34.377	38.792	47.284	
3 classes, kappa=0.037   0.000	15.163	19.690	24.961	29.238	33.303	37.951	44.951	
3 classes, kappa=0.038   0.000	18.723	22.145	26.421	31.509	34.938	38.977	45.918	
3 classes, kappa=0.038   0.000	15.470	20.196	24.875	29.431	33.031	38.095	44.690	
3 classes, kappa=0.038   0.000	17.618	21.746	26.664	31.338	34.263	38.911	47.099	
3 classes, kappa=0.038   0.000	16.145	20.411	25.395	29.304	33.092	38.694	44.368	
3 classes, kappa=0.038   0.000	18.355	21.977	26.112	31.202	34.487	39.042	46.562	
3 classes, kappa=0.038   0.000	18.293	21.885	25.770	31.110	34.079	38.496	46.685	
3 classes, kappa=0.038   0.000	15.101	19.736	24.658	29.326	33.136	38.477	44.751	
3 classes, kappa=0.038   0.000	17.066	21.271	25.743	31.154	34.061	38.904	46.977	
3 classes, kappa=0.039   0.000	16.452	21.071	25.822	30.545	34.088	38.411	46.716	
3 classes, kappa=0.039   0.000	15.592	20.212	24.901	29.378	33.040	38.602	44.322	
3 classes, kappa=0.039   0.000	14.979	19.583	24.401	28.896	33.026	38.312	44.751	
3 classes, kappa=0.039   0.000	15.408	20.150	24.921	29.120	32.890	38.437	44.705	
3 classes, kappa=0.039   0.000	15.347	20.074	24.776	28.852	32.759	37.766	43.524	
3 classes, kappa=0.039   0.000	14.733	20.411	24.671	28.856	33.026	38.667	44.383	
3 classes, kappa=0.039   0.000	16.697	20.519	24.711	29.177	33.075	38.128	44.291	
3 classes, kappa=0.039   0.000	14.794	19.429	24.757	28.699	32.557	37.977	43.938	
3 classes, kappa=0.039   0.000	13.996	19.905	24.592	28.922	32.404	37.727	44.199	
3 classes, kappa=0.039   0.000	15.899	20.166	24.849	29.159	32.987	38.490	44.260	
3 classes, kappa=0.039   0.000	14.426	19.782	24.711	28.576	32.584	37.918	44.690	
3 classes, kappa=0.039   0.000	15.040	19.951	25.434	29.106	33.132	38.319	43.984	
3 classes, kappa=0.039   0.000	15.838	20.457	25.316	29.462	33.110	38.661	45.212	
3 classes, kappa=0.039   0.000	14.979	20.657	25.092	29.120	33.259	38.477	44.245	
3 classes, kappa=0.039   0.000	14.979	19.843	24.309	28.484	32.702	38.036	44.675	
3 classes, kappa=0.039   0.000	15.040	20.795	24.961	28.878	33.276	38.582	43.478	
3 classes, kappa=0.039   0.000	14.979	20.181	25.066	29.181	33.040	38.371	44.537	
3 classes, kappa=0.039   0.000	14.917	18.969	24.204	28.519	32.566	37.957	43.800	
3 classes, kappa=0.040   0.000	14.610	20.212	24.184	28.835	32.509	38.069	44.429	
3 classes, kappa=0.040   0.000	15.470	19.997	25.020	28.795	32.833	38.200	43.969	
3 classes, kappa=0.040   0.000	15.715	20.212	24.901	29.172	32.785	38.503	43.831	
3 classes, kappa=0.040   0.000	15.715	20.212	24.651	28.764	32.899	38.049	45.074	
3 classes, kappa=0.040   0.000	15.408	20.120	24.987	28.918	32.921	38.365	44.705	
3 classes, kappa=0.040   0.000	14.487	19.659	24.316	28.852	32.794	37.937	43.907	
3 classes, kappa=0.040   0.000	14.610	20.089	24.730	28.975	32.785	38.450	44.398	
3 classes, kappa=0.040   0.000	14.365	19.905	24.434	29.098	32.851	38.345	45.058	
3 classes, kappa=0.040   0.000	14.733	19.629	24.198	28.396	32.947	37.911	44.429	
3 classes, kappa=0.040   0.000	14.917	19.936	24.099	28.207	32.741	38.240	44.030	
3 classes, kappa=0.040   0.000	15.163	20.058	24.336	28.563	32.733	37.964	44.168	
3 classes, kappa=0.040   0.000	15.163	19.276	24.316	28.703	32.299	38.240	43.339	
3 classes, kappa=0.040   0.000	15.040	19.521	24.290	28.589	32.983	37.858	44.091	
3 classes, kappa=0.040   0.000	15.347	19.659	23.967	28.650	32.562	38.029	43.600	
3 classes, kappa=0.040   0.000	14.058	19.751	24.474	28.326	32.360	37.793	44.429	
3 classes, kappa=0.041   0.000	14.733	20.089	24.434	28.611	32.614	38.029	44.966	
3 classes, kappa=0.041   0.000	13.996	19.613	24.572	28.326	32.755	37.799	43.800	
3 classes, kappa=0.041   0.000	14.856	19.782	24.441	28.655	32.513	37.997	44.061	
3 classes, kappa=0.041   0.000	14.303	19.552	24.494	28.317	32.456	37.562	44.045	
3 classes, kappa=0.041   0.000	13.505	19.214	24.079	28.567	32.702	38.049	44.076	
3 classes, kappa=0.041   0.000	15.408	20.258	24.599	28.712	32.750	37.983	43.953	
3 classes, kappa=0.041   0.000	13.935	19.537	24.184	28.672	32.711	38.154	44.537	
3 classes, kappa=0.041   0.000	14.979	19.966	24.638	28.558	32.553	38.108	44.429	
3 classes, kappa=0.041   0.000	15.040	19.138	24.283	28.607	32.452	38.010	44.107	
3 classes, kappa=0.041   0.000	15.101	19.260	24.592	28.422	32.676	38.457	44.322	
3 classes, kappa=0.041   0.000	14.917	19.168	24.244	28.181	32.527	38.279	44.306	
3 classes, kappa=0.041   0.000	15.040	19.383	24.020	28.361	32.470	38.049	43.877	
3 classes, kappa=0.042   0.000	13.689	19.076	23.882	28.554	32.465	37.760	44.383	
3 classes, kappa=0.042   0.000	15.531	19.936	24.132	28.383	32.693	38.233	44.230	
3 classes, kappa=0.042   0.000	15.408	19.736	24.204	28.102	32.750	37.523	43.969	
3 classes, kappa=0.042   0.000	15.838	20.089	24.198	28.545	32.439	37.740	44.460	
3 classes, kappa=0.042   0.000	14.856	20.104	24.355	28.835	32.842	37.753	43.877	
3 classes, kappa=0.042   0.000	13.812	19.429	24.053	28.326	32.439	37.530	43.861	
3 classes, kappa=0.042   0.000	14.119	19.460	23.987	28.221	32.548	37.957	44.291	
3 classes, kappa=0.042   0.000	14.917	19.490	23.816	28.721	32.636	37.326	43.616	
3 classes, kappa=0.043   0.000	15.592	19.644	24.250	28.510	32.491	38.128	43.692	
3 classes, kappa=0.043   0.000	14.487	19.168	24.119	28.431	32.579	37.891	43.938	
3 classes, kappa=0.043   0.000	13.505	18.785	24.336	28.400	32.570	37.977	43.324	
3 classes, kappa=0.043   0.000	15.285	19.537	24.066	28.497	32.605	37.951	44.184	
3 classes, kappa=0.043   0.000	14.303	19.966	24.474	28.817	32.820	38.016	43.677	
3 classes, kappa=0.043   0.000	14.303	20.043	24.428	28.501	32.588	38.016	43.831	
3 classes, kappa=0.043   0.000	13.812	19.230	24.059	28.348	32.548	38.141	44.168	
3 classes, kappa=0.043   0.000	15.224	19.767	23.895	28.488	32.706	38.122	43.923	
3 classes, kappa=0.043   0.000	15.040	19.675	24.448	28.225	32.434	38.187	43.754	
3 classes, kappa=0.043   0.000	14.917	19.782	24.632	28.414	32.478	37.799	44.583	
3 classes, kappa=0.043   0.000	15.040	19.322	23.829	27.773	32.136	37.937	44.107	
3 classes, kappa=0.043   0.000	14.426	19.414	24.296	28.286	32.605	37.786	44.122	
3 classes, kappa=0.043   0.000	14.365	19.598	24.132	28.326	32.496	38.043	43.432	
3 classes, kappa=0.043   0.000	14.426	19.920	24.204	28.567	32.299	38.168	44.583	
3 classes, kappa=0.043   0.000	15.163	19.721	24.507	28.221	32.671	37.911	44.107	
3 classes, kappa=0.043   0.000	14.610	19.613	24.105	28.580	32.662	37.424	44.506	
3 classes, kappa=0.043   0.000	15.224	19.322	23.796	27.988	32.259	37.872	43.662	
3 classes, kappa=0.043   0.000	14.549	19.583	24.211	28.243	32.452	37.799	43.723	
3 classes, kappa=0.043   0.000	15.285	19.613	24.237	28.321	32.342	37.589	44.184	
3 classes, kappa=0.044   0.000	14.242	19.199	24.349	28.528	32.206	37.885	44.352	
3 classes, kappa=0.044   0.000	14.303	19.230	24.092	28.190	32.351	38.056	43.293	
3 classes, kappa=0.044   0.000	15.408	19.920	24.704	28.931	32.917	38.076	44.138	
3 classes, kappa=0.044   0.000	14.917	20.028	24.309	28.378	32.303	37.951	43.877	
3 classes, kappa=0.044   0.000	15.285	19.767	24.658	28.769	32.557	38.635	44.383	
3 classes, kappa=0.044   0.000	15.040	19.736	24.283	28.799	32.522	37.799	43.247	
3 classes, kappa=0.044   0.000	15.531	20.641	24.961	28.725	33.031	38.418	43.938	
3 classes, kappa=0.044   0.000	14.672	19.797	24.033	28.229	32.452	38.003	43.969	
3 classes, kappa=0.044   0.000	15.347	19.368	23.757	28.260	32.443	37.911	43.646	
3 classes, kappa=0.044   0.000	14.303	19.859	23.829	27.962	32.351	37.628	43.339	
3 classes, kappa=0.044   0.000	13.874	19.045	23.606	27.865	32.141	37.214	44.214	
3 classes, kappa=0.044   0.000	15.531	19.843	24.362	28.497	32.500	38.457	44.230	
3 classes, kappa=0.044   0.000	14.242	19.414	24.171	28.357	32.676	37.661	44.230	
3 classes, kappa=0.044   0.000	15.531	20.043	24.349	28.782	32.917	37.931	44.138	
3 classes, kappa=0.044   0.000	14.549	19.460	24.040	28.734	32.557	38.036	43.953	
3 classes, kappa=0.044   0.000	14.549	19.721	24.211	28.624	32.496	38.095	43.616	
3 classes, kappa=0.044   0.000	14.856	19.659	23.902	28.300	32.654	37.983	43.554	
3 classes, kappa=0.044   0.000	14.242	20.350	24.645	28.874	32.610	37.990	43.723	
3 classes, kappa=0.044   0.000	15.224	19.721	24.119	28.462	32.658	37.951	43.877	
3 classes, kappa=0.044   0.000	14.979	19.138	24.132	28.273	32.750	38.056	44.644	
3 classes, kappa=0.044   0.000	14.610	19.214	23.750	28.124	32.136	37.451	43.263	
3 classes, kappa=0.044   0.000	15.470	19.429	24.073	28.313	32.180	37.648	44.475	
3 classes, kappa=0.044   0.000	14.549	19.383	23.981	28.545	32.570	37.924	43.616	
3 classes, kappa=0.044   0.000	13.444	19.245	23.823	28.339	32.404	37.733	44.352	
3 classes, kappa=0.044   0.000	15.224	19.383	24.092	28.207	32.360	37.964	43.616	
3 classes, kappa=0.045   0.000	13.996	19.138	23.507	27.857	32.000	37.418	43.554	
3 classes, kappa=0.045   0.000	14.917	19.874	24.270	28.861	32.689	37.983	43.416	
3 classes, kappa=0.045   0.000	14.856	19.444	24.046	28.589	32.728	38.089	43.938	
3 classes, kappa=0.045   0.000	15.224	19.460	24.323	28.681	32.527	38.464	43.416	
3 classes, kappa=0.045   0.000	13.874	19.260	24.244	28.304	32.356	37.951	44.199	
3 classes, kappa=0.046   0.000	14.610	19.015	24.171	28.159	32.202	37.668	43.953	
3 classes, kappa=0.046   0.000	14.180	19.797	24.053	28.234	32.636	37.983	42.695	
3 classes, kappa=0.047   0.000	15.470	18.999	23.954	27.936	32.075	37.951	43.831	
3 classes, kappa=0.047   0.000	14.487	19.398	23.678	27.914	31.974	37.707	43.247	
3 classes, kappa=0.047   0.000	14.610	19.552	23.691	27.940	32.294	37.786	43.585	
3 classes, kappa=0.047   0.000	14.733	19.629	23.698	28.032	32.123	37.576	43.201	
3 classes, kappa=0.047   0.000	14.242	19.091	24.178	28.023	31.935	37.549	43.416	
3 classes, kappa=0.048   0.000	14.733	19.537	23.454	27.870	32.290	37.280	43.002	
3 classes, kappa=0.048   0.000	13.996	18.785	23.717	28.080	31.908	37.786	43.079	
3 classes, kappa=0.048   0.000	14.794	19.337	23.869	27.857	31.961	37.293	43.355	
3 classes, kappa=0.048   0.000	15.040	19.368	23.717	28.036	32.035	37.556	43.094	
3 classes, kappa=0.048   0.000	14.672	19.230	23.264	28.050	32.180	37.181	43.063	
3 classes, kappa=0.048   0.000	15.040	18.692	23.921	27.778	31.816	37.714	43.263	
3 classes, kappa=0.048   0.000	14.426	18.815	23.566	27.738	31.978	37.227	42.787	
3 classes, kappa=0.048   0.000	14.672	19.552	23.468	27.598	31.680	36.997	43.094	
3 classes, kappa=0.048   0.000	13.689	19.337	23.717	28.045	32.391	37.267	43.585	
3 classes, kappa=0.048   0.000	14.119	18.508	23.204	27.414	31.290	37.122	43.600	
3 classes, kappa=0.049   0.000	14.549	19.122	23.191	27.909	31.566	37.017	43.079	
3 classes, kappa=0.049   0.000	14.119	18.692	23.678	27.352	31.764	37.497	43.754	
3 classes, kappa=0.049   0.000	13.935	18.401	23.270	27.550	31.588	36.885	42.925	
3 classes, kappa=0.049   0.000	14.426	18.662	23.099	27.449	32.088	37.378	43.079	
3 classes, kappa=0.049   0.000	13.567	18.462	22.652	26.839	31.207	37.043	43.201	
3 classes, kappa=0.049   0.000	13.198	18.155	23.060	27.475	31.562	37.201	43.631	
3 classes, kappa=0.049   0.000	14.610	18.984	23.533	27.401	31.851	37.148	43.017	
3 classes, kappa=0.049   0.000	13.014	18.738	22.895	27.142	31.496	36.957	42.848	
3 classes, kappa=0.049   0.000	13.321	18.171	22.626	27.331	31.461	37.418	43.033	
3 classes, kappa=0.049   0.000	14.242	18.462	23.264	27.243	31.474	36.786	43.278	
3 classes, kappa=0.049   0.000	14.119	18.447	22.935	27.133	31.391	36.490	43.094	
3 classes, kappa=0.050   0.000	13.935	17.848	22.402	26.853	31.167	36.675	43.217	
3 classes, kappa=0.050   0.000	13.751	18.309	22.606	27.046	31.049	37.003	42.802	
3 classes, kappa=0.050   0.000	14.303	18.232	22.757	27.168	31.101	37.168	42.956	
3 classes, kappa=0.050   0.000	14.487	18.247	22.968	26.997	31.215	36.747	43.585	
3 classes, kappa=0.051   0.000	14.672	18.600	22.580	27.028	31.036	36.760	43.309	
3 classes, kappa=0.051   0.000	14.303	18.263	22.330	26.910	31.154	36.602	43.186	
3 classes, kappa=0.051   0.000	13.812	18.063	22.264	26.712	31.251	36.707	42.603	
3 classes, kappa=0.051   0.000	13.628	17.971	22.494	26.857	30.987	36.504	42.634	
3 classes, kappa=0.052   0.000	13.689	18.217	23.073	26.989	31.062	36.694	42.419	
3 classes, kappa=0.052   0.000	13.628	17.296	22.737	26.594	31.145	36.517	42.741	
3 classes, kappa=0.052   0.000	13.935	18.079	22.520	26.620	30.724	36.550	43.155	
3 classes, kappa=0.053   0.000	14.426	18.125	22.599	26.791	30.891	36.530	42.680	
3 classes, kappa=0.053   0.000	13.996	17.879	23.178	26.962	31.137	36.740	42.603	
3 classes, kappa=0.053   0.000	13.874	18.278	22.691	26.813	30.992	36.760	42.465	
3 classes, kappa=0.053   0.000	14.119	18.401	22.830	26.989	31.338	36.438	43.861	
3 classes, kappa=0.053   0.000	14.058	18.278	22.507	26.861	31.158	36.418	42.833	
3 classes, kappa=0.053   0.000	14.180	17.726	22.448	26.660	30.830	36.425	41.835	
3 classes, kappa=0.053   0.000	14.058	18.140	22.356	26.778	30.742	36.727	42.480	
3 classes, kappa=0.054   0.000	13.751	18.140	22.540	26.642	30.843	36.642	43.002	
3 classes, kappa=0.054   0.000	13.382	18.171	22.172	26.725	30.628	36.148	42.772	
3 classes, kappa=0.054   0.000	13.689	18.247	22.862	26.822	31.066	36.596	42.986	
3 classes, kappa=0.054   0.000	13.137	17.910	22.731	26.800	31.185	36.589	42.235	
3 classes, kappa=0.054   0.000	13.014	17.403	22.415	26.598	30.531	36.346	43.048	
3 classes, kappa=0.054   0.000	14.303	17.986	22.685	26.826	31.264	36.392	42.142	
3 classes, kappa=0.054   0.000	13.874	18.109	22.691	26.340	30.878	36.359	43.386	
3 classes, kappa=0.054   0.000	14.365	18.692	22.251	26.703	31.023	36.675	42.495	
3 classes, kappa=0.055   0.000	13.260	17.971	22.810	26.743	30.970	36.379	42.848	
3 classes, kappa=0.055   0.000	13.567	17.802	22.691	26.563	30.944	36.030	43.247	
3 classes, kappa=0.055   0.000	14.058	17.940	22.145	26.603	30.593	36.293	41.851	
3 classes, kappa=0.056   0.000	13.935	18.094	22.672	26.804	31.242	36.839	43.125	
3 classes, kappa=0.056   0.000	13.628	17.925	23.178	26.686	31.031	36.648	42.296	
3 classes, kappa=0.056   0.000	13.689	18.186	22.520	26.796	30.869	36.188	43.063	
3 classes, kappa=0.057   0.000	13.567	18.171	22.619	26.524	30.667	36.181	42.081	
3 classes, kappa=0.057   0.000	13.321	18.447	22.711	26.589	30.860	35.991	42.219	
3 classes, kappa=0.057   0.000	15.163	17.910	22.507	26.589	30.681	36.497	42.235	
3 classes, kappa=0.057   0.000	13.874	18.416	22.297	26.511	30.698	35.866	41.329	
3 classes, kappa=0.057   0.000	13.321	17.526	22.297	26.625	30.847	35.938	42.587	
3 classes, kappa=0.058   0.000	13.198	17.879	22.415	26.471	30.808	36.675	42.465	
3 classes, kappa=0.058   0.000	13.996	18.017	22.343	26.291	30.742	36.254	41.958	
3 classes, kappa=0.058   0.000	13.198	17.572	22.501	26.405	30.987	35.905	42.388	
3 classes, kappa=0.058   0.000	13.260	17.802	22.132	26.397	30.926	36.681	41.974	
3 classes, kappa=0.058   0.000	13.751	17.726	22.553	26.274	30.764	36.267	42.526	
3 classes, kappa=0.058   0.000	12.769	17.925	22.284	26.576	30.803	35.912	42.004	
3 classes, kappa=0.058   0.000	14.303	17.480	22.080	26.274	30.461	35.806	41.989	
3 classes, kappa=0.058   0.000	13.505	17.465	21.994	26.252	30.676	35.931	42.449	
3 classes, kappa=0.059   0.000	12.830	17.557	21.659	26.344	30.343	35.675	41.943	
3 classes, kappa=0.059   0.000	13.382	17.787	22.139	26.107	30.132	35.879	41.974	
3 classes, kappa=0.059   0.000	13.137	17.695	22.001	26.283	30.575	35.846	42.511	
3 classes, kappa=0.059   0.000	12.891	17.818	22.264	26.519	30.575	36.168	41.851	
3 classes, kappa=0.059   0.000	13.198	17.327	22.284	26.366	30.330	35.806	41.667	
3 classes, kappa=0.060   0.000	13.076	17.419	21.968	26.133	30.422	35.708	41.651	
3 classes, kappa=0.060   0.000	13.874	18.263	22.086	26.291	30.268	36.037	41.789	
3 classes, kappa=0.060   0.000	13.996	17.495	22.145	26.278	30.071	35.912	42.188	
3 classes, kappa=0.060   0.000	13.628	17.756	21.836	26.133	30.409	36.129	41.897	
3 classes, kappa=0.060   0.000	13.382	17.741	22.152	26.204	30.374	35.905	41.974	
3 classes, kappa=0.060   0.000	13.137	17.940	22.034	26.006	30.141	36.043	42.188	
3 classes, kappa=0.060   0.000	13.996	18.140	22.284	25.848	30.194	35.741	41.958	
3 classes, kappa=0.060   0.000	12.400	17.680	21.632	25.756	30.198	35.583	41.774	
3 classes, kappa=0.060   0.000	13.014	17.572	21.968	26.142	30.246	35.596	41.068	
3 classes, kappa=0.060   0.000	13.137	17.541	22.192	25.936	30.194	36.096	41.943	
3 classes, kappa=0.060   0.000	14.242	17.419	22.139	26.304	30.141	35.767	42.465	
3 classes, kappa=0.060   0.000	13.076	17.572	21.902	26.090	29.935	35.379	41.452	
3 classes, kappa=0.060   0.000	13.751	17.680	21.955	26.098	30.176	36.089	41.559	
3 classes, kappa=0.060   0.000	12.953	17.403	21.922	26.234	29.887	35.221	41.974	
3 classes, kappa=0.061   0.000	13.198	17.449	22.159	26.063	30.067	35.399	41.774	
3 classes, kappa=0.061   0.000	13.382	17.204	22.172	25.936	30.510	36.083	41.590	
3 classes, kappa=0.061   0.000	14.549	18.094	22.441	26.243	30.233	35.537	42.695	
3 classes, kappa=0.061   0.000	13.076	17.695	21.961	25.870	30.163	35.563	42.035	
3 classes, kappa=0.061   0.000	13.137	17.741	22.165	25.840	30.023	35.464	41.682	
3 classes, kappa=0.061   0.000	14.549	18.125	21.830	26.033	30.163	35.497	40.853	
3 classes, kappa=0.062   0.000	14.242	18.094	22.251	26.173	30.181	35.445	40.700	
3 classes, kappa=0.063   0.000	14.303	17.894	22.310	26.274	30.268	35.530	41.636	
3 classes, kappa=0.063   0.000	14.365	17.695	22.205	25.976	30.558	35.833	41.897	
3 classes, kappa=0.063   0.000	12.830	17.772	22.409	26.076	30.062	35.767	41.529	
3 classes, kappa=0.063   0.000	13.689	18.447	22.402	26.041	30.137	35.846	41.176	
3 classes, kappa=0.063   0.000	14.058	18.094	22.303	26.247	30.176	35.714	42.004	
3 classes, kappa=0.064   0.000	13.874	17.894	22.067	26.326	30.067	35.366	41.206	
3 classes, kappa=0.064   0.000	14.733	17.833	21.817	25.892	30.242	35.556	41.651	
3 classes, kappa=0.064   0.000	14.242	18.048	22.192	25.945	30.045	35.208	41.068	
3 classes, kappa=0.064   0.000	13.996	18.094	21.639	25.949	30.110	35.188	41.467	
3 classes, kappa=0.065   0.000	13.567	18.478	22.060	25.743	29.961	35.168	41.114	
3 classes, kappa=0.065   0.000	13.567	17.680	22.192	25.901	29.909	35.681	41.360	
3 classes, kappa=0.065   0.000	13.321	17.710	21.672	25.577	29.970	35.135	40.853	
3 classes, kappa=0.066   0.000	14.242	17.618	21.764	25.480	29.975	35.405	40.500	
3 classes, kappa=0.066   0.000	12.462	17.664	21.705	25.388	29.764	34.721	41.252	
3 classes, kappa=0.067   0.000	12.155	17.511	21.422	25.511	29.747	35.418	41.406	
3 classes, kappa=0.067   0.000	13.996	17.281	21.573	25.445	29.725	34.997	41.298	
3 classes, kappa=0.067   0.000	13.567	17.327	21.336	24.980	29.396	35.050	41.053	
3 classes, kappa=0.067   0.000	13.382	16.835	20.942	24.993	29.168	34.636	40.470	
3 classes, kappa=0.067   0.000	14.180	17.373	21.205	25.195	29.229	34.642	40.930	
3 classes, kappa=0.067   0.000	14.303	17.726	21.527	25.265	29.365	35.168	41.360	
3 classes, kappa=0.067   0.000	13.689	16.697	21.376	24.989	29.611	34.866	40.684	
3 classes, kappa=0.067   0.000	13.444	17.373	21.310	25.081	29.440	34.813	40.915	
3 classes, kappa=0.067   0.000	13.260	17.680	21.415	25.454	29.317	34.846	39.994	
3 classes, kappa=0.068   0.000	13.567	17.495	21.521	25.371	29.207	34.820	40.761	
3 classes, kappa=0.068   0.000	14.303	16.759	21.494	25.353	29.058	34.918	40.915	
3 classes, kappa=0.068   0.000	13.076	16.897	21.422	25.099	29.492	34.918	40.976	
3 classes, kappa=0.069   0.000	14.303	17.649	21.271	25.042	29.238	34.879	40.316	
3 classes, kappa=0.069   0.000	14.672	17.541	21.757	25.809	29.637	35.083	40.347	
3 classes, kappa=0.070   0.000	13.935	17.772	21.415	24.879	29.882	34.912	40.777	
3 classes, kappa=0.070   0.000	14.119	17.741	21.942	25.384	29.922	34.912	41.160	
3 classes, kappa=0.070   0.000	13.935	17.864	21.632	25.278	29.567	35.241	40.991	
3 classes, kappa=0.070   0.000	13.874	17.634	21.685	25.862	29.694	35.234	40.500	
3 classes, kappa=0.070   0.000	13.198	17.388	21.054	25.178	29.229	35.122	41.160	
3 classes, kappa=0.070   0.000	13.996	17.634	21.073	25.353	29.418	34.945	40.592	
3 classes, kappa=0.070   0.000	13.137	17.910	21.876	25.186	29.641	35.214	40.424	
3 classes, kappa=0.070   0.000	14.242	17.833	21.843	25.349	29.470	35.070	40.408	
3 classes, kappa=0.070   0.000	14.426	17.419	21.133	25.121	29.133	34.609	40.255	
3 classes, kappa=0.070   0.000	13.996	17.541	21.711	25.112	29.159	35.122	40.915	
3 classes, kappa=0.070   0.000	13.505	17.772	21.415	25.072	29.299	34.655	41.176	
3 classes, kappa=0.070   0.000	13.628	17.664	21.889	25.577	29.426	34.826	41.145	
3 classes, kappa=0.071   0.000	14.549	17.710	21.659	25.107	29.400	34.695	40.638	
3 classes, kappa=0.071   0.000	14.180	18.017	21.554	25.243	29.405	35.162	40.715	
3 classes, kappa=0.071   0.000	13.812	17.327	21.619	25.112	29.409	34.655	40.178	
3 classes, kappa=0.071   0.000	12.830	18.155	21.415	25.414	29.049	34.570	40.700	
3 classes, kappa=0.071   0.000	13.382	17.603	21.429	25.182	29.102	34.675	40.792	
3 classes, kappa=0.072   0.000	13.751	17.879	21.606	25.029	29.242	35.030	40.654	
3 classes, kappa=0.072   0.000	14.426	17.388	21.152	24.928	29.198	34.741	40.209	
3 classes, kappa=0.072   0.000	13.689	17.572	21.212	24.774	28.677	34.458	40.362	
3 classes, kappa=0.072   0.000	13.996	17.188	21.258	24.612	28.865	34.057	40.608	
3 classes, kappa=0.073   0.000	13.567	17.541	21.034	24.853	28.821	34.576	40.255	
3 classes, kappa=0.073   0.000	13.628	17.419	21.165	24.774	29.006	34.103	41.130	
3 classes, kappa=0.073   0.000	13.996	17.910	21.152	24.963	28.970	34.445	40.393	
3 classes, kappa=0.073   0.000	13.444	17.465	21.231	24.945	28.966	34.622	40.546	
3 classes, kappa=0.074   0.000	13.935	17.572	21.021	24.932	28.984	34.169	40.009	
3 classes, kappa=0.074   0.000	13.996	17.710	21.422	25.178	29.128	34.353	40.684	
3 classes, kappa=0.074   0.000	13.260	17.634	21.185	24.647	28.861	34.438	40.316	
3 classes, kappa=0.074   0.000	14.487	17.618	21.396	24.950	28.795	33.794	40.792	
3 classes, kappa=0.075   0.000	13.321	17.726	21.087	24.985	29.102	34.399	40.792	
3 classes, kappa=0.076   0.000	14.365	17.618	21.415	24.713	28.843	34.333	40.562	
3 classes, kappa=0.076   0.000	15.040	17.311	21.534	24.643	28.782	33.998	40.163	
3 classes, kappa=0.077   0.000	13.935	17.726	20.994	24.480	28.795	34.037	40.746	
3 classes, kappa=0.077   0.000	13.996	17.449	21.323	24.726	28.821	34.103	40.316	
3 classes, kappa=0.077   0.000	14.242	17.265	20.784	24.656	28.988	33.873	40.470	
3 classes, kappa=0.078   0.000	14.672	17.096	21.600	24.787	28.501	34.208	39.932	
3 classes, kappa=0.078   0.000	15.163	17.265	20.718	24.590	28.642	34.195	40.025	
3 classes, kappa=0.079   0.000	14.672	17.020	20.850	24.266	28.418	33.800	40.239	
3 classes, kappa=0.079   0.000	14.303	17.204	20.876	24.305	28.887	33.965	40.777	
3 classes, kappa=0.079   0.000	13.567	17.311	21.021	24.042	28.392	33.879	39.687	
3 classes, kappa=0.080   0.000	13.689	16.943	20.902	24.296	28.475	33.846	39.871	
3 classes, kappa=0.080   0.000	14.242	17.004	20.626	24.485	28.453	33.564	40.178	
3 classes, kappa=0.081   0.000	14.487	16.835	20.870	24.401	28.093	33.465	40.101	
3 classes, kappa=0.082   0.000	15.408	17.234	21.027	24.252	28.238	33.932	39.794	
3 classes, kappa=0.083   0.000	14.303	17.434	20.988	24.239	28.286	33.471	39.948	
3 classes, kappa=0.083   0.000	13.321	17.066	20.580	24.125	28.396	33.353	40.163	
3 classes, kappa=0.083   0.000	13.628	16.621	20.449	24.002	28.282	33.360	39.856	
3 classes, kappa=0.083   0.000	12.400	16.375	20.810	24.099	28.221	33.241	39.549	
3 classes, kappa=0.083   0.000	13.260	16.713	20.047	23.454	27.817	32.945	39.180	
3 classes, kappa=0.083   0.000	12.953	16.866	20.310	23.976	28.229	33.471	39.856	
3 classes, kappa=0.083   0.000	13.321	16.912	20.547	23.818	27.971	33.485	39.319	
3 classes, kappa=0.083   0.000	13.321	16.928	20.080	23.902	27.936	33.511	38.766	
3 classes, kappa=0.084   0.000	12.953	16.651	20.212	23.660	27.879	33.360	39.150	
3 classes, kappa=0.084   0.000	13.444	16.820	20.310	23.937	27.931	33.281	39.518	
3 classes, kappa=0.084   0.000	13.321	16.529	20.218	23.910	28.243	33.465	39.856	
3 classes, kappa=0.084   0.000	13.812	16.559	20.567	24.024	27.922	33.162	39.687	
3 classes, kappa=0.084   0.000	13.014	16.114	20.192	23.696	27.787	33.064	39.472	
3 classes, kappa=0.084   0.000	13.076	16.544	20.166	23.814	28.300	33.432	38.950	
3 classes, kappa=0.084   0.000	13.505	16.713	20.232	23.625	27.931	33.189	39.518	
3 classes, kappa=0.084   0.000	12.830	16.912	20.284	23.761	27.738	33.208	39.840	
3 classes, kappa=0.084   0.000	12.707	16.206	20.508	23.573	27.668	33.399	38.812	
3 classes, kappa=0.084   0.000	13.444	16.667	20.330	23.941	28.107	33.340	39.349	
3 classes, kappa=0.084   0.000	13.935	16.636	20.442	23.674	27.958	33.248	40.101	
3 classes, kappa=0.085   0.000	13.689	16.651	20.087	23.481	27.765	33.129	39.779	
3 classes, kappa=0.085   0.000	13.198	16.697	20.113	23.590	27.765	32.952	38.751	
3 classes, kappa=0.085   0.000	13.076	16.375	20.139	23.660	27.879	32.945	39.303	
3 classes, kappa=0.085   0.000	12.707	15.991	20.324	23.630	27.690	32.774	38.935	
3 classes, kappa=0.085   0.000	13.751	16.329	19.968	23.634	27.909	33.024	39.257	
3 classes, kappa=0.086   0.000	11.971	16.237	19.890	23.424	27.642	33.254	39.334	
3 classes, kappa=0.086   0.000	12.830	16.176	19.751	23.297	27.598	32.610	39.626	
3 classes, kappa=0.086   0.000	13.321	16.252	19.686	23.411	27.594	32.669	39.549	
3 classes, kappa=0.087   0.000	12.584	16.329	19.863	23.125	27.458	32.722	39.656	
3 classes, kappa=0.087   0.000	12.953	15.823	19.797	23.384	27.493	32.748	38.137	
3 classes, kappa=0.088   0.000	12.462	15.976	19.837	23.345	27.440	33.004	38.490	
3 classes, kappa=0.089   0.000	13.076	16.037	20.126	23.428	27.497	32.603	39.027	
3 classes, kappa=0.089   0.000	12.830	15.424	19.061	22.687	27.278	32.505	38.475	
3 classes, kappa=0.089   0.000	12.093	15.930	19.705	22.990	27.203	32.728	39.503	
3 classes, kappa=0.089   0.000	11.848	15.270	19.087	22.950	27.081	32.426	38.689	
3 classes, kappa=0.089   0.000	11.541	15.408	19.232	22.911	27.160	32.360	38.904	
3 classes, kappa=0.090   0.000	12.769	15.485	19.409	22.845	27.274	32.590	39.088	
3 classes, kappa=0.090   0.000	11.295	15.331	19.370	22.652	26.953	32.169	38.981	
3 classes, kappa=0.090   0.000	11.541	14.886	18.844	22.560	26.901	32.123	38.490	
3 classes, kappa=0.090   0.000	10.620	14.426	18.535	21.959	26.427	31.847	38.444	
3 classes, kappa=0.090   0.000	12.400	15.101	19.212	22.577	26.682	32.209	38.290	
3 classes, kappa=0.090   0.000	12.769	15.516	19.258	22.779	27.133	32.307	38.674	
3 classes, kappa=0.090   0.000	10.866	14.672	18.495	22.121	26.747	32.024	37.983	
3 classes, kappa=0.090   0.000	11.909	14.871	18.272	22.192	26.331	31.755	38.260	
3 classes, kappa=0.090   0.000	11.786	15.178	18.758	22.424	26.581	32.143	38.490	
3 classes, kappa=0.090   0.000	11.848	15.408	19.324	22.871	27.063	32.044	38.490	
3 classes, kappa=0.090   0.000	12.032	15.378	19.574	22.617	26.918	32.439	37.953	
3 classes, kappa=0.091   0.000	11.848	14.579	18.824	22.376	26.563	32.314	37.999	
3 classes, kappa=0.091   0.000	11.357	14.702	18.475	22.099	26.300	31.794	38.444	
3 classes, kappa=0.091   0.000	11.971	14.702	18.660	22.301	26.445	31.525	38.521	
3 classes, kappa=0.091   0.000	12.277	15.408	19.225	22.823	26.848	32.334	38.659	
3 classes, kappa=0.091   0.000	11.295	13.996	18.364	22.104	26.256	31.643	38.168	
3 classes, kappa=0.092   0.000	11.172	14.610	18.193	21.994	26.383	31.886	38.137	
3 classes, kappa=0.093   0.000	10.866	14.395	18.206	21.885	26.436	31.663	37.983	
3 classes, kappa=0.093   0.000	11.971	14.579	18.153	21.665	26.120	31.215	37.615	
3 classes, kappa=0.094   0.000	10.866	13.904	18.035	21.920	26.033	31.262	38.060	
3 classes, kappa=0.094   0.000	10.743	13.935	17.976	21.415	25.726	31.814	37.600	
3 classes, kappa=0.094   0.000	10.927	13.981	17.870	21.341	26.195	31.433	37.692	
3 classes, kappa=0.095   0.000	10.559	14.395	17.923	21.398	25.796	31.294	38.214	
3 classes, kappa=0.095   0.000	11.172	14.288	17.785	21.591	25.761	31.360	37.922	
3 classes, kappa=0.095   0.000	10.681	13.996	17.574	21.170	25.524	31.202	37.385	
3 classes, kappa=0.095   0.000	9.822	13.812	17.706	21.315	25.559	31.222	37.769	
3 classes, kappa=0.095   0.000	10.559	14.042	17.482	21.472	25.463	30.755	37.385	
3 classes, kappa=0.095   0.000	10.866	13.858	17.851	21.459	26.309	31.163	37.646	
3 classes, kappa=0.095   0.000	10.374	13.889	17.239	21.402	25.406	31.104	37.201	
3 classes, kappa=0.095   0.000	11.479	13.781	17.548	21.407	25.599	31.321	37.676	
3 classes, kappa=0.096   0.000	10.374	13.505	17.541	20.973	25.550	30.742	37.201	
3 classes, kappa=0.096   0.000	9.822	13.874	17.614	21.306	25.449	31.262	36.848	
3 classes, kappa=0.096   0.000	11.418	14.088	17.719	21.236	25.770	30.768	37.538	
3 classes, kappa=0.096   0.000	10.313	14.012	17.673	21.350	25.314	31.275	37.477	
3 classes, kappa=0.096   0.000	10.559	13.950	17.778	21.249	25.511	31.196	37.830	
3 classes, kappa=0.097   0.000	10.436	13.935	17.706	21.082	25.813	31.077	37.324	
3 classes, kappa=0.097   0.000	11.479	14.104	17.614	21.179	25.485	31.248	36.971	
3 classes, kappa=0.097   0.000	10.620	14.104	17.601	21.306	25.581	30.933	38.260	
3 classes, kappa=0.098   0.000	10.436	13.858	17.548	21.152	25.388	31.051	36.510	
3 classes, kappa=0.098   0.000	10.559	13.674	17.403	20.981	25.178	30.610	36.740	
3 classes, kappa=0.098   0.000	10.252	13.705	17.272	21.078	25.384	30.860	36.817	
3 classes, kappa=0.098   0.000	9.576	14.134	17.252	20.999	25.471	30.893	37.370	
3 classes, kappa=0.099   0.000	10.497	13.996	17.331	20.740	25.563	30.558	36.633	
3 classes, kappa=0.099   0.000	10.129	13.735	17.535	20.986	25.283	30.913	37.370	
3 classes, kappa=0.099   0.000	11.172	13.996	17.594	20.679	25.471	30.887	37.707	
3 classes, kappa=0.100   0.000	10.743	13.920	17.758	21.008	25.239	30.729	37.431	
3 classes, kappa=0.100   0.000	10.129	13.705	17.693	20.880	25.169	30.663	36.786	
3 classes, kappa=0.100   0.000	10.313	13.874	17.548	21.144	25.344	30.643	36.710	
3 classes, kappa=0.101   0.000	10.620	13.812	17.548	21.043	25.191	30.393	36.817	
3 classes, kappa=0.101   0.000	11.111	13.705	17.706	21.279	25.366	30.867	37.201	
3 classes, kappa=0.101   0.000	10.743	13.843	17.416	20.902	25.397	30.439	36.909	
3 classes, kappa=0.101   0.000	10.559	13.781	17.416	20.959	25.278	30.531	36.756	
3 classes, kappa=0.101   0.000	11.050	14.150	17.213	20.749	25.335	30.110	36.065	
3 classes, kappa=0.102   0.000	10.497	13.935	17.186	20.828	25.156	30.584	36.219	
3 classes, kappa=0.103   0.000	10.681	13.214	17.140	20.867	25.033	30.262	36.311	
3 classes, kappa=0.103   0.000	10.190	13.168	16.713	20.503	24.708	30.005	36.357	
3 classes, kappa=0.103   0.000	9.945	13.290	17.055	20.578	24.866	30.170	36.188	
3 classes, kappa=0.103   0.000	9.638	13.106	17.134	20.503	25.327	30.157	36.403	
3 classes, kappa=0.103   0.000	9.761	13.122	16.614	20.876	24.682	30.084	36.541	
3 classes, kappa=0.104   0.000	9.761	12.876	17.002	20.297	24.643	29.893	36.971	
3 classes, kappa=0.104   0.000	10.313	13.720	17.035	20.652	24.954	30.505	36.771	
3 classes, kappa=0.104   0.000	10.068	13.060	16.989	20.324	24.572	29.887	36.955	
3 classes, kappa=0.104   0.000	10.129	13.382	17.068	20.639	24.651	30.308	35.942	
3 classes, kappa=0.104   0.000	9.761	13.306	17.180	20.639	24.612	29.920	36.265	
3 classes, kappa=0.104   0.000	8.840	12.999	16.686	20.302	24.849	29.782	36.894	
3 classes, kappa=0.105   0.000	9.883	13.244	17.219	20.815	25.151	30.130	36.249	
3 classes, kappa=0.105   0.000	10.129	12.983	16.700	20.196	24.629	29.828	36.265	
3 classes, kappa=0.105   0.000	10.620	13.659	16.884	20.731	24.717	30.143	35.789	
3 classes, kappa=0.106   0.000	9.699	12.615	16.805	19.982	24.511	30.091	36.924	
3 classes, kappa=0.106   0.000	10.190	13.904	17.074	20.490	24.564	29.920	36.341	
3 classes, kappa=0.106   0.000	10.497	12.492	16.417	20.350	24.349	29.736	35.651	
3 classes, kappa=0.106   0.000	9.269	13.306	17.147	20.337	24.682	29.893	37.093	
3 classes, kappa=0.106   0.000	9.269	13.198	17.035	20.319	24.608	29.953	36.525	
3 classes, kappa=0.106   0.000	9.699	12.799	16.969	20.293	24.309	29.703	35.927	
3 classes, kappa=0.106   0.000	9.269	12.523	16.660	19.986	24.165	29.538	36.219	
3 classes, kappa=0.107   0.000	9.945	12.784	16.778	20.438	24.594	30.032	35.190	
3 classes, kappa=0.107   0.000	9.761	12.845	16.713	20.328	24.581	29.815	36.172	
3 classes, kappa=0.108   0.000	10.374	13.137	16.910	20.161	24.410	30.137	36.756	
3 classes, kappa=0.108   0.000	9.883	12.937	16.581	20.481	24.888	29.611	36.142	
3 classes, kappa=0.108   0.000	10.252	13.014	16.568	20.429	24.393	29.755	36.019	
3 classes, kappa=0.108   0.000	9.945	12.845	16.463	20.363	24.551	29.650	35.574	
3 classes, kappa=0.109   0.000	9.147	12.830	16.713	19.789	24.507	29.380	35.589	
3 classes, kappa=0.109   0.000	9.638	12.630	16.496	19.907	24.068	29.302	35.267	
3 classes, kappa=0.110   0.000	9.392	12.293	16.535	19.885	24.248	29.565	35.727	
3 classes, kappa=0.110   0.000	11.050	12.600	16.811	19.916	24.191	29.459	35.666	
3 classes, kappa=0.110   0.000	9.699	13.321	16.910	20.284	24.353	29.729	35.482	
3 classes, kappa=0.110   0.000	9.883	13.014	16.996	20.131	24.665	29.295	35.912	
3 classes, kappa=0.110   0.000	9.945	13.214	16.673	19.907	24.252	29.203	35.436	
3 classes, kappa=0.111   0.000	10.620	12.937	16.851	20.232	24.134	29.657	35.881	
3 classes, kappa=0.112   0.000	10.006	13.029	16.700	19.990	24.103	29.236	35.513	
3 classes, kappa=0.112   0.000	10.252	13.137	16.778	19.846	24.344	29.512	36.034	
3 classes, kappa=0.112   0.000	10.190	13.060	16.713	19.973	24.073	29.400	35.282	
3 classes, kappa=0.112   0.000	10.068	12.891	16.496	20.030	24.051	29.637	36.172	
3 classes, kappa=0.112   0.000	10.252	12.922	16.739	19.819	23.937	29.341	35.328	
3 classes, kappa=0.113   0.000	9.454	13.168	16.410	19.767	24.051	29.407	35.298	
3 classes, kappa=0.113   0.000	9.515	12.922	16.384	19.920	23.674	29.045	34.669	
3 classes, kappa=0.113   0.000	9.761	13.014	16.739	19.718	23.656	28.992	35.528	
3 classes, kappa=0.114   0.000	10.006	13.045	16.450	19.521	23.748	28.887	35.313	
3 classes, kappa=0.114   0.000	9.576	13.060	16.614	19.797	23.774	29.157	35.497	
3 classes, kappa=0.114   0.000	10.436	13.045	16.535	19.679	23.823	29.223	35.697	
3 classes, kappa=0.114   0.000	9.699	12.799	16.529	19.833	23.840	29.446	35.068	
3 classes, kappa=0.114   0.000	9.761	12.968	16.081	19.539	23.924	28.887	34.914	
3 classes, kappa=0.114   0.000	9.576	12.861	16.358	19.802	23.652	28.966	35.221	
3 classes, kappa=0.114   0.000	9.392	13.290	16.542	19.986	23.717	28.690	34.469	
3 classes, kappa=0.114   0.000	9.638	13.122	16.496	19.692	23.577	29.038	34.914	
3 classes, kappa=0.114   0.000	9.883	12.968	16.193	19.412	23.599	28.815	35.313	
3 classes, kappa=0.115   0.000	10.620	12.891	16.160	19.530	23.696	28.716	35.328	
3 classes, kappa=0.115   0.000	10.129	12.738	15.976	19.490	23.261	28.473	34.991	
3 classes, kappa=0.115   0.000	10.129	13.060	16.456	19.341	23.634	28.913	35.221	
3 classes, kappa=0.116   0.000	10.068	13.014	16.180	19.433	23.621	28.545	34.408	
3 classes, kappa=0.116   0.000	9.392	13.091	15.858	19.131	23.454	28.190	35.313	
3 classes, kappa=0.116   0.000	9.331	12.784	15.535	19.148	23.257	28.519	34.239	
3 classes, kappa=0.116   0.000	9.147	12.124	15.812	19.021	23.297	28.473	35.374	
3 classes, kappa=0.117   0.000	8.226	12.170	15.976	19.131	23.191	28.381	35.083	
3 classes, kappa=0.118   0.000	9.269	12.584	16.002	18.982	23.038	28.368	34.929	
3 classes, kappa=0.119   0.000	9.085	12.462	16.088	19.034	22.827	28.262	34.807	
3 classes, kappa=0.119   0.000	9.515	12.416	15.877	18.780	23.029	28.177	33.533	
3 classes, kappa=0.120   0.000	9.392	12.569	15.858	18.894	23.121	27.953	33.748	
3 classes, kappa=0.120   0.000	9.269	12.523	15.575	18.863	22.854	27.986	34.147	
3 classes, kappa=0.121   0.000	8.778	12.784	15.937	18.798	22.630	28.164	34.883	
3 classes, kappa=0.122   0.000	9.515	12.446	15.759	18.964	22.915	27.855	34.546	
3 classes, kappa=0.122   0.000	9.638	12.324	15.588	18.903	22.946	27.894	34.346	
3 classes, kappa=0.123   0.000	10.006	12.615	15.674	18.885	22.415	27.749	34.530	
3 classes, kappa=0.124   0.000	9.699	12.508	15.733	18.789	22.788	27.651	33.901	
3 classes, kappa=0.124   0.000	8.963	12.170	15.706	18.714	22.398	27.749	33.870	
3 classes, kappa=0.124   0.000	8.901	12.661	15.996	18.635	22.547	27.611	34.776	
3 classes, kappa=0.125   0.000	8.901	12.477	15.779	18.635	22.889	27.631	34.162	
3 classes, kappa=0.125   0.000	9.454	12.615	15.463	18.403	22.814	27.591	33.717	
3 classes, kappa=0.125   0.000	8.963	12.277	15.726	18.627	22.450	27.598	34.055	
3 classes, kappa=0.125   0.000	10.129	12.630	15.950	18.776	22.726	27.782	33.702	
3 classes, kappa=0.125   0.000	9.515	12.492	16.009	18.732	22.906	27.776	34.607	
3 classes, kappa=0.125   0.000	9.883	12.354	15.812	18.552	22.634	27.756	33.840	
3 classes, kappa=0.125   0.000	9.269	12.646	15.818	18.557	22.696	27.420	33.901	
3 classes, kappa=0.125   0.000	10.068	12.569	15.812	18.447	22.503	27.598	34.162	
3 classes, kappa=0.125   0.000	9.454	12.876	15.634	18.942	22.612	27.631	33.487	
3 classes, kappa=0.125   0.000	9.147	12.293	15.476	18.513	22.512	27.743	33.763	
3 classes, kappa=0.125   0.000	8.471	12.538	15.963	18.758	22.573	27.611	33.809	
3 classes, kappa=0.125   0.000	8.594	12.523	15.634	18.701	22.512	27.723	34.024	
3 classes, kappa=0.125   0.000	9.638	12.538	15.845	18.635	22.512	27.559	33.026	
3 classes, kappa=0.126   0.000	9.269	12.615	15.535	18.552	22.450	27.493	33.963	
3 classes, kappa=0.126   0.000	9.576	12.400	15.746	18.666	22.424	27.243	33.947	
3 classes, kappa=0.126   0.000	10.006	12.385	15.785	18.609	22.354	27.776	33.993	
3 classes, kappa=0.126   0.000	8.963	12.523	15.660	18.675	22.573	27.295	34.377	
3 classes, kappa=0.126   0.000	8.901	12.431	15.456	18.754	22.279	27.065	33.809	
3 classes, kappa=0.126   0.000	8.963	12.370	15.700	18.671	22.336	27.815	33.625	
3 classes, kappa=0.126   0.000	9.269	12.185	15.450	18.333	22.358	27.230	33.502	
3 classes, kappa=0.126   0.000	9.085	12.109	15.167	18.434	22.143	27.328	34.392	
3 classes, kappa=0.127   0.000	9.392	12.093	15.483	18.219	22.253	27.289	33.379	
3 classes, kappa=0.127   0.000	9.638	12.293	15.338	18.342	22.402	27.065	33.272	
3 classes, kappa=0.127   0.000	8.717	12.170	15.384	18.215	22.314	27.223	33.794	
3 classes, kappa=0.127   0.000	8.963	12.124	15.108	18.482	22.534	27.309	34.254	
3 classes, kappa=0.127   0.000	9.085	12.155	15.207	18.438	22.218	26.980	32.858	
3 classes, kappa=0.127   0.000	8.901	12.124	15.207	18.250	21.990	27.124	33.702	
3 classes, kappa=0.128   0.000	9.392	12.032	15.220	18.368	22.130	27.184	33.410	
3 classes, kappa=0.128   0.000	9.024	12.001	15.325	18.201	22.108	27.269	33.625	
3 classes, kappa=0.128   0.000	8.656	12.093	15.266	18.193	22.012	26.828	33.026	
3 classes, kappa=0.129   0.000	8.901	12.308	15.075	17.965	22.073	27.223	33.564	
3 classes, kappa=0.130   0.000	8.840	11.771	15.246	18.210	22.038	26.934	33.870	
3 classes, kappa=0.130   0.000	8.594	11.971	15.397	18.149	21.858	26.822	33.778	
3 classes, kappa=0.131   0.000	9.024	11.971	15.279	18.048	22.371	27.078	32.904	
3 classes, kappa=0.131   0.000	9.638	12.216	15.147	18.333	22.301	27.328	33.410	
3 classes, kappa=0.132   0.000	9.085	11.894	15.575	18.315	21.889	27.013	32.950	
3 classes, kappa=0.132   0.000	9.208	12.047	15.055	18.096	21.806	27.046	33.103	
3 classes, kappa=0.133   0.000	9.515	12.170	15.410	18.149	22.126	26.427	32.612	
3 classes, kappa=0.134   0.000	9.638	11.863	15.213	18.092	21.832	26.822	32.612	
3 classes, kappa=0.134   0.000	8.963	11.878	14.943	18.118	21.871	27.013	32.274	
3 classes, kappa=0.134   0.000	8.410	11.572	15.128	17.684	21.652	26.618	33.241	
3 classes, kappa=0.135   0.000	8.656	11.572	15.272	18.065	21.459	27.092	32.904	
3 classes, kappa=0.135   0.000	9.331	12.001	15.121	17.969	21.885	26.552	32.719	
3 classes, kappa=0.135   0.000	9.024	11.587	15.088	17.837	21.946	26.756	32.029	
3 classes, kappa=0.135   0.000	9.085	11.679	14.996	18.061	21.670	26.657	32.581	
3 classes, kappa=0.135   0.000	8.778	11.725	14.950	18.101	21.784	26.598	32.689	
3 classes, kappa=0.136   0.000	9.638	11.556	14.996	17.780	21.841	27.032	32.413	
3 classes, kappa=0.136   0.000	8.594	12.063	15.351	17.833	21.766	26.427	33.057	
3 classes, kappa=0.136   0.000	8.963	11.771	15.312	17.938	21.920	26.355	31.998	
3 classes, kappa=0.137   0.000	9.208	11.971	15.128	18.039	21.810	26.329	32.474	
3 classes, kappa=0.137   0.000	8.349	11.525	14.930	17.916	21.586	26.427	32.121	
3 classes, kappa=0.137   0.000	8.103	11.479	15.003	17.666	21.529	26.467	32.167	
3 classes, kappa=0.137   0.000	8.656	11.172	14.713	17.820	21.429	26.283	32.320	
3 classes, kappa=0.138   0.000	8.778	11.572	14.950	17.881	21.766	26.408	32.520	
3 classes, kappa=0.138   0.000	8.594	11.203	14.917	17.741	21.779	25.888	32.827	
3 classes, kappa=0.138   0.000	8.349	11.633	14.740	17.754	21.670	25.993	32.873	
3 classes, kappa=0.139   0.000	8.594	11.479	14.904	17.798	21.551	26.263	32.060	
3 classes, kappa=0.139   0.000	9.085	12.047	14.812	17.732	21.797	26.289	31.891	
3 classes, kappa=0.140   0.000	8.717	11.004	14.496	17.855	21.626	26.131	31.753	
3 classes, kappa=0.140   0.000	9.454	11.863	15.095	17.776	21.464	26.230	32.075	
3 classes, kappa=0.140   0.000	9.147	11.832	14.891	17.710	21.622	26.000	31.799	
3 classes, kappa=0.140   0.000	8.349	11.203	15.075	17.368	21.148	26.329	32.382	
3 classes, kappa=0.141   0.000	7.858	11.280	14.799	17.710	21.367	26.046	32.121	
3 classes, kappa=0.142   0.000	8.471	11.633	15.042	17.710	21.385	26.473	32.075	
3 classes, kappa=0.142   0.000	8.226	11.848	14.700	17.425	21.332	26.006	33.226	
3 classes, kappa=0.143   0.000	8.471	11.572	14.154	17.452	21.214	26.046	32.827	
3 classes, kappa=0.144   0.000	8.717	11.080	14.694	17.614	21.025	25.658	31.215	
3 classes, kappa=0.144   0.000	8.103	11.219	14.634	17.526	21.051	25.704	31.891	
3 classes, kappa=0.144   0.000	9.024	11.111	14.740	17.202	21.157	25.822	32.228	
3 classes, kappa=0.145   0.000	9.085	11.541	14.509	17.399	21.279	26.039	31.630	
3 classes, kappa=0.145   0.000	8.594	11.249	14.667	17.377	21.249	25.552	31.369	
3 classes, kappa=0.146   0.000	8.471	11.142	14.437	17.289	20.876	25.618	31.568	
3 classes, kappa=0.146   0.000	8.103	11.495	14.457	17.202	20.955	25.447	31.077	
3 classes, kappa=0.146   0.000	8.533	11.219	14.555	17.259	20.679	25.506	31.369	
3 classes, kappa=0.146   0.000	8.533	10.881	14.049	17.136	20.841	25.447	31.937	
3 classes, kappa=0.147   0.000	7.858	10.927	14.358	17.066	20.679	25.217	31.937	
3 classes, kappa=0.147   0.000	8.042	10.896	14.437	16.991	20.613	25.460	31.323	
3 classes, kappa=0.147   0.000	7.305	10.973	14.279	16.750	20.486	25.039	30.985	
3 classes, kappa=0.147   0.000	8.287	11.234	14.608	17.057	20.753	25.447	31.722	
3 classes, kappa=0.147   0.000	8.103	10.896	14.049	16.807	20.595	25.013	31.369	
3 classes, kappa=0.148   0.000	7.796	11.449	14.220	17.070	20.679	25.309	31.906	
3 classes, kappa=0.148   0.000	8.533	11.126	14.134	16.996	20.709	25.612	31.691	
3 classes, kappa=0.148   0.000	7.305	10.866	14.194	16.965	20.683	25.204	31.645	
3 classes, kappa=0.148   0.000	8.594	10.727	13.957	16.645	20.346	24.888	30.862	
3 classes, kappa=0.148   0.000	8.226	10.436	13.924	16.496	20.499	24.888	31.430	
3 classes, kappa=0.149   0.000	8.471	10.743	14.220	16.754	20.328	24.704	30.586	
3 classes, kappa=0.150   0.000	7.121	10.313	13.720	16.627	20.144	24.717	31.768	
3 classes, kappa=0.150   0.000	7.305	10.467	13.898	16.333	20.411	24.862	31.262	
3 classes, kappa=0.151   0.000	7.305	10.513	13.727	16.316	20.381	24.941	30.939	
3 classes, kappa=0.151   0.000	6.937	10.421	13.753	16.684	20.464	24.954	31.215	
3 classes, kappa=0.151   0.000	7.673	10.068	13.615	16.737	20.021	24.612	31.185	
3 classes, kappa=0.151   0.000	7.796	10.467	13.733	16.544	20.367	24.836	31.200	
3 classes, kappa=0.152   0.000	7.735	10.328	13.760	16.408	20.166	25.020	30.586	
3 classes, kappa=0.152   0.000	7.305	10.513	13.687	16.601	20.104	24.849	30.203	
3 classes, kappa=0.152   0.000	7.673	10.528	13.667	16.259	20.319	24.579	30.187	
3 classes, kappa=0.152   0.000	6.875	10.497	13.838	16.491	20.398	24.757	30.909	
3 classes, kappa=0.152   0.000	7.858	10.344	13.911	16.496	20.205	24.599	31.522	
3 classes, kappa=0.152   0.000	7.673	10.344	13.681	16.272	20.324	24.415	31.077	
3 classes, kappa=0.152   0.000	7.182	10.160	13.345	16.509	20.056	24.283	30.985	
3 classes, kappa=0.152   0.000	6.998	10.574	13.575	16.614	20.025	24.540	30.862	
3 classes, kappa=0.152   0.000	7.366	10.881	13.786	16.285	20.481	24.651	30.018	
3 classes, kappa=0.152   0.000	6.937	10.390	13.687	16.430	20.363	24.822	30.847	
3 classes, kappa=0.153   0.000	8.103	10.068	13.648	16.412	20.087	24.290	30.556	
3 classes, kappa=0.153   0.000	7.919	10.727	13.681	16.412	20.293	24.632	30.556	
3 classes, kappa=0.153   0.000	7.551	10.221	13.694	16.329	20.061	24.500	30.847	
3 classes, kappa=0.153   0.000	8.226	10.467	13.635	16.447	20.240	24.612	30.479	
3 classes, kappa=0.153   0.000	7.551	10.543	13.661	16.579	19.990	24.388	30.862	
3 classes, kappa=0.154   0.000	7.612	10.298	13.371	16.211	20.306	24.770	30.878	
3 classes, kappa=0.155   0.000	7.673	10.421	13.608	16.311	19.876	24.494	30.663	
3 classes, kappa=0.155   0.000	8.042	9.745	13.891	16.040	20.157	24.329	30.740	
3 classes, kappa=0.155   0.000	6.998	10.144	13.404	15.996	19.960	24.342	30.463	
3 classes, kappa=0.155   0.000	6.875	9.776	13.181	16.009	20.227	24.494	30.985	
3 classes, kappa=0.156   0.000	7.060	10.052	13.161	16.040	19.495	24.046	30.264	
3 classes, kappa=0.156   0.000	7.428	9.991	13.569	16.197	20.069	23.994	30.648	
3 classes, kappa=0.156   0.000	7.489	10.006	13.273	15.917	19.925	23.934	30.264	
3 classes, kappa=0.156   0.000	8.349	10.021	13.365	16.062	19.596	24.105	30.678	
3 classes, kappa=0.156   0.000	7.060	9.945	13.490	15.974	19.648	24.165	30.233	
3 classes, kappa=0.157   0.000	7.428	10.313	13.233	15.886	19.925	23.967	29.911	
3 classes, kappa=0.157   0.000	7.060	9.975	13.247	16.162	19.692	24.211	30.479	
3 classes, kappa=0.158   0.000	7.735	10.006	13.404	15.983	19.635	24.316	30.157	
3 classes, kappa=0.159   0.000	7.121	10.068	13.431	15.820	19.859	24.033	30.034	
3 classes, kappa=0.159   0.000	7.489	10.098	13.444	15.917	19.732	23.856	30.678	
3 classes, kappa=0.159   0.000	7.489	10.114	13.516	15.855	20.122	24.086	30.479	
3 classes, kappa=0.160   0.000	6.753	9.899	13.286	15.684	20.017	24.244	30.264	
3 classes, kappa=0.160   0.000	7.366	9.975	13.582	15.755	19.784	24.073	30.770	
3 classes, kappa=0.160   0.000	7.612	10.021	13.174	15.864	19.486	23.724	30.018	
3 classes, kappa=0.161   0.000	6.200	9.791	12.898	15.838	19.631	23.731	29.865	
3 classes, kappa=0.161   0.000	7.121	9.776	13.306	15.557	19.346	23.389	30.233	
3 classes, kappa=0.162   0.000	7.919	9.561	12.964	15.610	19.534	24.152	29.619	
3 classes, kappa=0.163   0.000	6.507	9.638	12.858	15.711	19.403	23.711	30.325	
3 classes, kappa=0.163   0.000	6.691	9.177	13.069	15.557	19.227	23.757	30.049	
3 classes, kappa=0.163   0.000	6.814	9.500	12.931	15.382	19.504	23.770	30.448	
3 classes, kappa=0.164   0.000	6.630	9.254	12.707	15.272	19.376	23.566	30.003	
3 classes, kappa=0.164   0.000	6.814	9.239	12.858	15.452	19.653	23.329	29.665	
3 classes, kappa=0.165   0.000	7.244	9.085	12.707	15.277	19.412	23.527	29.635	
3 classes, kappa=0.165   0.000	6.568	9.039	12.780	15.329	19.420	23.395	30.341	
3 classes, kappa=0.166   0.000	6.998	9.147	13.036	15.259	19.179	23.106	29.604	
3 classes, kappa=0.167   0.000	6.568	8.993	12.595	15.334	18.947	23.047	29.481	
3 classes, kappa=0.167   0.000	6.446	9.070	12.826	15.417	19.425	23.329	29.481	
3 classes, kappa=0.167   0.000	6.262	8.763	12.484	15.097	19.324	22.895	29.251	
3 classes, kappa=0.168   0.000	6.077	8.625	12.464	15.211	19.328	22.922	29.466	
3 classes, kappa=0.168   0.000	6.446	8.886	12.799	15.066	19.034	23.086	29.144	
3 classes, kappa=0.168   0.000	6.323	8.732	12.299	14.922	18.736	22.941	29.236	
3 classes, kappa=0.168   0.000	6.753	8.579	12.536	15.106	18.986	23.139	29.512	
3 classes, kappa=0.168   0.000	5.955	8.656	12.806	15.123	19.100	23.283	29.573	
3 classes, kappa=0.168   0.000	5.955	9.177	12.214	14.922	18.982	22.882	29.389	
3 classes, kappa=0.169   0.000	5.525	8.656	12.365	15.031	18.710	22.928	28.422	
3 classes, kappa=0.169   0.000	6.446	8.548	12.359	14.724	18.863	23.007	29.098	
3 classes, kappa=0.169   0.000	6.200	8.840	12.477	14.882	19.100	22.698	29.174	
3 classes, kappa=0.169   0.000	6.691	8.610	12.385	14.860	18.885	22.941	29.328	
3 classes, kappa=0.170   0.000	6.323	8.732	11.964	14.799	18.811	22.599	28.683	
3 classes, kappa=0.170   0.000	6.139	8.456	12.214	14.794	18.600	22.731	28.852	
3 classes, kappa=0.171   0.000	6.568	8.579	12.299	14.922	18.447	22.705	29.052	
3 classes, kappa=0.172   0.000	6.139	8.502	12.188	14.759	18.749	22.494	29.389	
3 classes, kappa=0.173   0.000	6.262	8.855	12.385	14.790	18.692	22.810	28.591	
3 classes, kappa=0.173   0.000	6.323	8.640	12.391	14.772	18.820	22.770	29.006	
3 classes, kappa=0.173   0.000	6.568	8.794	12.464	14.768	18.635	22.409	28.361	
3 classes, kappa=0.174   0.000	6.568	8.640	12.345	14.768	18.635	22.494	28.514	
3 classes, kappa=0.175   0.000	6.323	8.993	12.267	14.650	18.671	22.080	29.159	
3 classes, kappa=0.176   0.000	6.568	8.901	12.253	14.676	18.293	22.415	29.527	
3 classes, kappa=0.176   0.000	6.875	8.702	12.326	14.514	18.022	22.494	28.729	
3 classes, kappa=0.177   0.000	6.446	9.070	12.635	14.628	18.767	22.257	28.254	
3 classes, kappa=0.177   0.000	6.691	8.656	12.359	14.623	18.179	22.573	28.100	
3 classes, kappa=0.177   0.000	6.998	8.855	12.109	14.505	18.570	22.303	28.653	
3 classes, kappa=0.178   0.000	6.384	9.101	12.168	14.615	18.206	22.264	28.453	
3 classes, kappa=0.179   0.000	6.568	8.671	11.793	14.290	18.215	21.988	28.269	
3 classes, kappa=0.179   0.000	7.121	8.625	12.102	14.457	18.329	22.277	28.284	
3 classes, kappa=0.179   0.000	5.770	8.487	11.859	14.268	18.285	22.027	28.683	
3 classes, kappa=0.180   0.000	6.384	8.272	12.128	14.268	18.245	22.047	27.993	
3 classes, kappa=0.180   0.000	7.060	8.717	11.885	14.505	18.166	22.310	29.205	
3 classes, kappa=0.180   0.000	6.630	8.564	11.977	14.115	17.969	21.869	28.300	
3 classes, kappa=0.180   0.000	6.568	8.809	12.142	14.413	17.929	22.067	28.069	
3 classes, kappa=0.181   0.000	6.507	8.640	12.115	14.211	17.921	22.106	28.407	
3 classes, kappa=0.182   0.000	6.507	8.640	11.905	14.027	17.916	21.850	28.791	
3 classes, kappa=0.183   0.000	6.384	8.594	12.247	14.141	17.794	21.830	28.223	
3 classes, kappa=0.183   0.000	7.366	8.594	12.128	14.330	17.864	21.751	27.778	
3 classes, kappa=0.183   0.000	6.691	8.640	12.214	14.084	17.864	21.606	28.146	
3 classes, kappa=0.184   0.000	7.551	8.809	12.326	14.167	17.877	21.876	27.793	
3 classes, kappa=0.185   0.000	6.323	8.671	12.267	14.075	17.802	21.790	27.532	
3 classes, kappa=0.185   0.000	6.691	8.932	11.938	14.145	17.903	21.757	27.563	
3 classes, kappa=0.185   0.000	6.814	8.901	12.161	14.049	17.815	21.771	27.624	
3 classes, kappa=0.186   0.000	6.998	8.824	12.168	14.251	17.934	21.501	28.131	
3 classes, kappa=0.186   0.000	6.937	8.564	12.122	14.351	17.912	21.560	27.302	
3 classes, kappa=0.186   0.000	7.182	8.625	12.069	14.242	18.061	21.698	28.115	
3 classes, kappa=0.186   0.000	6.998	8.963	12.142	14.093	17.890	21.435	28.346	
3 classes, kappa=0.187   0.000	7.489	8.778	12.135	14.189	17.921	21.560	27.624	
3 classes, kappa=0.188   0.000	7.121	8.794	12.299	13.944	17.824	21.402	26.949	
3 classes, kappa=0.188   0.000	6.691	8.778	11.931	14.141	17.890	21.310	27.670	
3 classes, kappa=0.188   0.000	6.262	8.809	11.786	13.847	17.934	21.455	27.103	
3 classes, kappa=0.189   0.000	7.366	8.809	11.878	14.159	17.872	20.764	27.241	
3 classes, kappa=0.189   0.000	6.691	9.024	11.964	14.132	17.934	21.422	27.072	
3 classes, kappa=0.190   0.000	6.814	8.778	12.148	14.066	17.824	21.238	27.271	
3 classes, kappa=0.190   0.000	6.384	8.947	12.267	14.053	17.644	21.100	27.041	
3 classes, kappa=0.190   0.000	6.814	8.656	11.892	13.970	17.587	21.304	26.918	
3 classes, kappa=0.190   0.000	6.691	8.303	11.859	14.005	17.829	21.080	27.455	
3 classes, kappa=0.190   0.000	6.262	8.932	11.885	14.123	17.509	21.258	26.811	
3 classes, kappa=0.190   0.000	6.814	8.257	12.115	13.992	17.750	20.975	26.934	
3 classes, kappa=0.190   0.000	7.121	8.886	11.977	13.988	17.820	20.935	28.100	
3 classes, kappa=0.190   0.000	6.630	8.717	11.852	13.939	17.583	20.856	27.425	
3 classes, kappa=0.190   0.000	6.507	8.195	11.622	14.005	17.798	20.896	27.287	
3 classes, kappa=0.190   0.000	6.262	8.379	11.661	14.018	17.447	21.198	27.394	
3 classes, kappa=0.191   0.000	6.384	8.410	12.049	14.132	17.789	21.073	27.425	
3 classes, kappa=0.191   0.000	7.121	8.579	11.957	13.939	17.929	21.350	26.888	
3 classes, kappa=0.192   0.000	7.244	8.870	11.694	14.005	17.627	20.896	26.826	
3 classes, kappa=0.193   0.000	7.244	8.671	11.964	13.909	17.561	21.356	27.409	
3 classes, kappa=0.193   0.000	6.507	8.226	11.859	14.084	17.732	21.139	27.594	
3 classes, kappa=0.194   0.000	6.875	8.717	11.951	14.062	17.408	21.027	26.274	
3 classes, kappa=0.195   0.000	6.262	8.272	12.010	13.917	17.544	20.916	26.842	
3 classes, kappa=0.195   0.000	6.875	8.533	11.773	13.786	17.815	20.870	26.826	
3 classes, kappa=0.195   0.000	6.507	8.579	12.063	14.110	17.570	20.777	26.842	
3 classes, kappa=0.196   0.000	6.691	8.594	11.852	13.882	17.684	20.606	27.056	
3 classes, kappa=0.196   0.000	6.016	8.165	12.247	13.904	17.701	20.574	26.581	
3 classes, kappa=0.197   0.000	6.814	8.165	12.069	14.058	17.684	20.317	26.857	
3 classes, kappa=0.197   0.000	6.077	8.471	11.865	13.773	17.592	20.784	26.796	
3 classes, kappa=0.197   0.000	6.077	8.257	11.839	13.874	17.403	20.698	26.182	
3 classes, kappa=0.198   0.000	7.060	8.395	11.786	13.952	17.618	20.455	26.197	
3 classes, kappa=0.198   0.000	6.507	8.594	12.174	13.974	18.065	20.863	26.228	
3 classes, kappa=0.199   0.000	6.568	8.318	11.740	13.852	17.272	20.291	26.903	
3 classes, kappa=0.199   0.000	6.937	8.579	11.878	13.843	17.671	20.587	26.397	
3 classes, kappa=0.199   0.000	6.323	8.026	11.944	13.698	17.438	20.192	27.010	
3 classes, kappa=0.199   0.000	6.200	8.118	11.892	13.786	17.245	20.580	26.289	
3 classes, kappa=0.200   0.000	5.648	8.333	11.898	13.492	17.408	20.218	26.228	
3 classes, kappa=0.200   0.000	6.262	8.026	11.471	13.610	17.241	20.567	26.581	
3 classes, kappa=0.200   0.000	7.121	8.211	11.648	13.475	17.355	20.435	26.596	
3 classes, kappa=0.200   0.000	6.507	8.226	11.596	13.501	17.430	20.481	26.335	
3 classes, kappa=0.200   0.000	6.998	8.165	11.609	13.549	17.092	20.258	26.197	
3 classes, kappa=0.200   0.000	6.998	7.996	11.504	13.589	17.149	20.179	26.105	
3 classes, kappa=0.201   0.000	6.691	8.118	11.490	13.685	17.487	20.324	25.890	
3 classes, kappa=0.201   0.000	6.507	8.272	11.425	13.439	17.307	20.100	26.627	
3 classes, kappa=0.202   0.000	5.770	8.441	11.510	13.632	17.167	20.041	26.596	
3 classes, kappa=0.202   0.000	7.060	8.026	11.602	13.751	17.250	20.153	26.105	
3 classes, kappa=0.203   0.000	6.875	8.257	11.655	13.496	17.215	19.890	25.952	
3 classes, kappa=0.204   0.000	7.060	8.149	11.471	13.510	17.105	20.047	25.798	
