2018-05-07.17:33:24

3 classes, kappa=0.003   0.000	18.232	23.204	28.427	34.359	37.385	41.535	49.048	
3 classes, kappa=0.004   0.000	18.723	23.204	28.519	34.316	37.481	41.509	49.141	
3 classes, kappa=0.004   0.000	20.074	22.729	28.308	34.307	37.223	41.390	49.079	
3 classes, kappa=0.004   0.000	18.846	22.698	28.657	34.009	37.385	41.423	49.417	
3 classes, kappa=0.004   0.000	19.460	22.851	28.486	34.171	37.477	41.101	49.432	
3 classes, kappa=0.004   0.000	18.171	23.588	28.295	34.035	37.560	41.022	48.956	
3 classes, kappa=0.004   0.000	18.048	23.235	28.348	34.285	37.280	41.325	49.294	
3 classes, kappa=0.004   0.000	18.969	23.711	28.052	33.925	37.227	41.318	49.371	
3 classes, kappa=0.004   0.000	18.907	22.974	28.289	34.079	37.381	41.213	49.187	
3 classes, kappa=0.004   0.000	19.521	23.020	28.321	33.974	37.315	41.292	48.910	
3 classes, kappa=0.005   0.000	18.048	22.974	28.729	34.017	37.192	41.404	48.788	
3 classes, kappa=0.005   0.000	17.557	22.867	28.368	33.824	37.275	41.561	48.818	
3 classes, kappa=0.005   0.000	18.600	23.082	28.650	33.938	37.157	41.101	48.926	
3 classes, kappa=0.005   0.000	18.600	23.128	28.381	33.811	37.262	41.127	49.309	
3 classes, kappa=0.005   0.000	18.723	23.036	28.558	34.057	37.170	41.193	49.263	
3 classes, kappa=0.005   0.000	17.495	23.143	28.368	34.035	37.310	41.009	49.678	
3 classes, kappa=0.005   0.000	18.109	22.698	28.433	34.346	37.183	41.094	49.847	
3 classes, kappa=0.005   0.000	18.723	23.036	28.598	34.298	37.372	41.226	50.000	
3 classes, kappa=0.005   0.000	18.785	22.775	28.275	34.057	37.310	41.101	48.573	
3 classes, kappa=0.006   0.000	18.723	23.235	28.269	34.316	37.644	41.016	49.125	
3 classes, kappa=0.006   0.000	19.767	22.913	28.302	33.798	37.381	41.127	48.649	
3 classes, kappa=0.006   0.000	18.969	22.698	28.539	33.873	37.600	41.417	49.095	
3 classes, kappa=0.006   0.000	18.355	23.189	28.381	34.048	37.402	41.094	48.496	
3 classes, kappa=0.006   0.000	19.276	22.882	28.381	33.798	37.258	41.055	48.726	
3 classes, kappa=0.006   0.000	18.723	22.713	28.486	33.504	37.043	41.108	49.693	
3 classes, kappa=0.006   0.000	19.890	22.790	27.822	33.719	37.499	41.154	48.174	
3 classes, kappa=0.006   0.000	17.557	22.591	28.170	34.026	37.131	41.259	48.542	
3 classes, kappa=0.006   0.000	19.337	23.297	28.374	33.943	37.082	40.996	49.064	
3 classes, kappa=0.006   0.000	18.785	22.974	28.440	33.877	37.056	41.252	48.373	
3 classes, kappa=0.006   0.000	20.258	22.851	28.558	34.035	37.139	41.279	49.647	
3 classes, kappa=0.006   0.000	18.478	23.097	28.026	33.995	37.087	41.127	48.128	
3 classes, kappa=0.006   0.000	18.539	23.220	28.677	34.307	37.100	41.233	49.141	
3 classes, kappa=0.006   0.000	19.214	23.189	28.341	33.947	37.293	41.002	49.294	
3 classes, kappa=0.006   0.000	18.109	22.667	28.249	33.640	36.981	41.042	48.312	
3 classes, kappa=0.006   0.000	18.355	22.913	28.236	33.811	37.359	41.331	48.297	
3 classes, kappa=0.006   0.000	20.503	23.036	28.552	33.829	36.981	41.436	48.696	
3 classes, kappa=0.006   0.000	18.355	22.729	28.249	34.052	37.047	41.213	49.233	
3 classes, kappa=0.006   0.000	18.171	22.836	28.091	33.623	37.253	41.509	49.570	
3 classes, kappa=0.007   0.000	19.030	22.974	28.302	33.754	37.122	41.404	48.496	
3 classes, kappa=0.007   0.000	19.276	22.652	27.552	33.539	37.139	40.581	49.248	
3 classes, kappa=0.007   0.000	17.741	23.143	28.203	33.662	36.981	41.272	49.079	
3 classes, kappa=0.007   0.000	18.416	22.897	28.012	33.653	37.249	41.029	48.696	
3 classes, kappa=0.007   0.000	18.662	22.360	28.052	33.557	37.012	41.298	49.340	
3 classes, kappa=0.007   0.000	19.153	22.698	28.381	33.952	37.275	41.364	49.279	
3 classes, kappa=0.007   0.000	18.355	22.222	27.914	33.504	37.174	41.311	49.340	
3 classes, kappa=0.007   0.000	18.416	23.220	28.131	33.855	37.117	41.035	49.018	
3 classes, kappa=0.007   0.000	18.539	22.391	27.999	33.697	37.210	40.338	48.726	
3 classes, kappa=0.007   0.000	17.864	22.959	27.782	33.899	37.192	41.088	48.680	
3 classes, kappa=0.007   0.000	18.293	22.759	28.164	33.662	37.253	40.989	49.417	
3 classes, kappa=0.007   0.000	18.355	22.514	28.006	33.772	37.113	41.048	49.018	
3 classes, kappa=0.007   0.000	17.373	22.591	27.348	33.588	37.056	40.562	48.358	
3 classes, kappa=0.007   0.000	18.600	23.189	27.920	34.022	37.223	41.187	48.450	
3 classes, kappa=0.007   0.000	19.767	23.051	28.295	34.074	37.205	41.305	48.696	
3 classes, kappa=0.007   0.000	19.153	23.235	28.525	33.658	36.898	41.009	48.895	
3 classes, kappa=0.007   0.000	17.188	22.913	27.624	33.583	36.999	40.713	49.202	
3 classes, kappa=0.007   0.000	17.986	22.744	27.697	33.460	37.052	40.884	48.757	
3 classes, kappa=0.007   0.000	17.127	22.790	28.433	33.873	37.078	41.140	49.217	
3 classes, kappa=0.007   0.000	18.109	22.161	27.920	33.329	36.810	40.608	49.279	
3 classes, kappa=0.007   0.000	19.644	22.145	27.651	33.496	36.723	41.035	48.066	
3 classes, kappa=0.008   0.000	18.539	22.452	28.111	33.877	37.473	40.891	48.926	
3 classes, kappa=0.008   0.000	18.232	22.575	27.789	33.390	37.087	41.009	48.051	
3 classes, kappa=0.008   0.000	17.925	22.514	28.144	33.623	37.267	41.140	49.616	
3 classes, kappa=0.008   0.000	19.214	22.974	28.348	33.912	36.740	41.134	48.834	
3 classes, kappa=0.008   0.000	18.478	22.621	28.420	33.610	37.003	40.798	49.064	
3 classes, kappa=0.008   0.000	18.785	22.759	27.756	33.570	37.201	40.581	48.020	
3 classes, kappa=0.008   0.000	18.539	22.606	28.183	33.390	37.218	41.121	48.696	
3 classes, kappa=0.008   0.000	19.091	22.606	28.328	33.675	37.161	40.891	49.187	
3 classes, kappa=0.008   0.000	18.416	22.928	28.368	33.824	37.196	40.759	49.202	
3 classes, kappa=0.008   0.000	17.680	21.409	27.085	32.505	36.289	40.937	48.849	
3 classes, kappa=0.008   0.000	17.680	22.606	27.953	33.925	36.924	41.147	48.880	
3 classes, kappa=0.008   0.000	18.171	21.961	27.848	33.899	36.666	40.713	48.005	
3 classes, kappa=0.008   0.000	20.012	22.575	27.979	34.009	36.758	40.476	48.726	
3 classes, kappa=0.008   0.000	19.828	22.222	27.526	33.465	36.964	40.647	48.818	
3 classes, kappa=0.008   0.000	18.109	22.483	27.559	33.263	36.657	40.634	48.435	
3 classes, kappa=0.008   0.000	18.109	21.777	27.157	33.447	36.499	40.220	48.557	
3 classes, kappa=0.008   0.000	18.171	22.729	28.072	33.636	36.604	40.680	48.542	
3 classes, kappa=0.008   0.000	19.521	21.992	28.006	33.202	36.933	40.660	49.263	
3 classes, kappa=0.008   0.000	17.618	22.683	28.006	33.868	36.810	41.285	49.355	
3 classes, kappa=0.008   0.000	17.802	22.299	27.611	33.053	36.438	40.956	49.309	
3 classes, kappa=0.008   0.000	18.232	22.115	27.657	33.482	36.929	40.641	48.220	
3 classes, kappa=0.008   0.000	17.004	22.299	27.894	33.746	36.999	40.891	49.294	
3 classes, kappa=0.008   0.000	18.846	22.161	27.263	33.237	36.407	40.766	48.972	
3 classes, kappa=0.008   0.000	19.030	22.744	27.822	33.333	36.789	40.706	49.325	
3 classes, kappa=0.008   0.000	18.048	22.268	27.493	33.105	36.973	40.246	48.327	
3 classes, kappa=0.008   0.000	17.741	22.084	27.664	33.145	36.420	41.417	49.294	
3 classes, kappa=0.008   0.000	17.127	21.378	27.203	32.579	36.460	40.746	47.928	
3 classes, kappa=0.008   0.000	17.802	22.637	27.756	33.342	36.995	40.766	49.048	
3 classes, kappa=0.008   0.000	18.478	22.805	28.157	33.829	36.780	41.114	48.880	
3 classes, kappa=0.008   0.000	16.513	22.207	27.295	33.316	36.762	40.601	49.064	
3 classes, kappa=0.008   0.000	16.697	21.547	27.065	32.812	36.530	40.456	49.048	
3 classes, kappa=0.008   0.000	16.882	21.946	27.282	32.667	36.543	41.443	48.281	
3 classes, kappa=0.008   0.000	17.741	21.931	27.078	33.259	36.639	40.443	49.309	
3 classes, kappa=0.008   0.000	17.188	21.823	27.414	33.478	36.718	40.141	48.097	
3 classes, kappa=0.008   0.000	18.600	22.790	28.124	33.767	37.030	41.206	48.343	
3 classes, kappa=0.008   0.000	16.759	21.378	26.789	32.860	36.017	40.752	48.450	
3 classes, kappa=0.009   0.000	18.109	22.238	27.453	33.044	36.460	40.088	48.404	
3 classes, kappa=0.009   0.000	18.600	22.545	27.184	33.333	36.846	40.674	49.095	
3 classes, kappa=0.009   0.000	17.864	22.023	27.151	32.956	36.859	40.272	48.603	
3 classes, kappa=0.009   0.000	17.618	22.330	27.835	33.579	36.911	40.759	49.724	
3 classes, kappa=0.009   0.000	17.680	21.087	27.052	32.776	36.074	40.858	48.343	
3 classes, kappa=0.009   0.000	17.250	21.639	26.960	32.553	36.144	40.904	48.097	
3 classes, kappa=0.009   0.000	17.250	21.961	27.322	33.000	36.425	40.713	48.757	
3 classes, kappa=0.009   0.000	17.188	21.654	27.111	33.132	36.850	40.279	49.141	
3 classes, kappa=0.009   0.000	17.802	21.808	27.420	33.031	36.569	40.884	48.956	
3 classes, kappa=0.009   0.000	16.513	21.133	26.986	32.689	36.240	40.937	49.156	
3 classes, kappa=0.009   0.000	17.004	21.746	27.236	32.689	36.179	40.529	48.112	
3 classes, kappa=0.009   0.000	16.943	21.793	26.999	33.145	36.758	40.088	48.726	
3 classes, kappa=0.009   0.000	15.715	21.332	27.098	32.605	35.986	40.700	48.864	
3 classes, kappa=0.009   0.000	17.066	21.977	27.381	33.219	36.429	41.048	48.235	
3 classes, kappa=0.009   0.000	16.820	20.933	27.092	32.798	36.337	40.489	49.171	
3 classes, kappa=0.009   0.000	17.680	22.023	27.361	33.136	36.670	40.009	48.711	
3 classes, kappa=0.009   0.000	17.618	22.084	27.447	33.268	36.447	40.937	48.772	
3 classes, kappa=0.009   0.000	17.004	21.332	26.980	32.921	36.183	40.522	49.002	
3 classes, kappa=0.009   0.000	17.066	22.176	27.644	33.044	36.626	40.969	47.990	
3 classes, kappa=0.009   0.000	18.171	21.455	27.309	33.048	36.477	40.923	49.018	
3 classes, kappa=0.009   0.000	17.864	21.716	27.210	32.790	36.056	40.647	49.048	
3 classes, kappa=0.009   0.000	17.127	21.977	27.374	33.075	36.561	40.917	48.373	
3 classes, kappa=0.009   0.000	16.206	21.608	27.309	32.790	36.267	41.035	48.573	
3 classes, kappa=0.009   0.000	16.943	22.038	27.868	33.224	36.999	41.002	48.419	
3 classes, kappa=0.009   0.000	16.575	21.854	27.026	32.671	35.929	40.746	47.882	
3 classes, kappa=0.009   0.000	16.329	20.918	27.026	32.908	36.433	40.825	48.358	
3 classes, kappa=0.009   0.000	16.329	21.455	26.809	32.448	36.100	40.772	48.450	
3 classes, kappa=0.009   0.000	17.802	21.286	27.381	33.281	36.639	40.654	48.496	
3 classes, kappa=0.009   0.000	17.680	21.624	27.013	32.737	36.262	40.325	48.849	
3 classes, kappa=0.009   0.000	16.697	21.501	26.598	32.627	36.087	40.588	47.897	
3 classes, kappa=0.009   0.000	17.004	21.915	27.059	32.860	36.004	40.292	49.401	
3 classes, kappa=0.009   0.000	17.311	21.992	27.151	33.097	36.293	40.746	48.742	
3 classes, kappa=0.009   0.000	17.680	22.314	27.690	32.833	36.354	40.687	49.202	
3 classes, kappa=0.009   0.000	17.188	21.301	26.743	32.413	36.148	40.160	48.573	
3 classes, kappa=0.009   0.000	17.557	21.332	27.039	32.601	36.324	40.733	49.002	
3 classes, kappa=0.009   0.000	18.232	22.207	27.335	33.101	36.521	40.930	48.527	
3 classes, kappa=0.009   0.000	16.943	21.839	27.512	33.298	36.495	40.660	48.696	
3 classes, kappa=0.009   0.000	18.355	22.422	27.960	33.526	36.903	40.792	48.926	
3 classes, kappa=0.009   0.000	16.206	21.808	26.980	32.794	36.109	40.134	48.649	
3 classes, kappa=0.009   0.000	16.575	21.087	27.078	32.934	36.074	40.200	48.005	
3 classes, kappa=0.009   0.000	18.723	22.299	27.677	33.110	36.968	40.792	47.897	
3 classes, kappa=0.010   0.000	16.452	22.145	27.217	33.206	36.144	40.667	48.772	
3 classes, kappa=0.010   0.000	17.066	21.777	27.184	32.759	36.438	40.647	49.095	
3 classes, kappa=0.010   0.000	17.373	22.683	27.644	33.022	36.477	41.456	48.818	
3 classes, kappa=0.010   0.000	18.109	22.069	27.263	33.053	36.565	40.174	48.465	
3 classes, kappa=0.010   0.000	18.109	21.869	27.624	32.781	36.775	40.601	48.281	
3 classes, kappa=0.010   0.000	16.882	21.793	27.013	32.855	36.052	40.200	48.112	
3 classes, kappa=0.010   0.000	16.943	22.161	27.124	32.645	36.390	40.424	49.309	
3 classes, kappa=0.010   0.000	18.416	22.207	27.953	33.154	36.854	40.733	49.432	
3 classes, kappa=0.010   0.000	18.171	21.931	27.657	33.474	36.495	40.726	48.696	
3 classes, kappa=0.010   0.000	17.618	21.378	27.092	32.689	36.109	40.627	49.110	
3 classes, kappa=0.010   0.000	17.925	22.130	27.960	33.417	36.771	41.016	48.987	
3 classes, kappa=0.010   0.000	18.846	22.345	27.730	33.232	36.806	40.831	48.818	
3 classes, kappa=0.010   0.000	17.188	22.115	27.309	33.092	36.591	40.516	47.928	
3 classes, kappa=0.010   0.000	17.557	22.038	27.348	33.066	36.407	40.371	48.404	
3 classes, kappa=0.010   0.000	18.969	22.483	27.677	33.421	36.911	41.272	49.217	
3 classes, kappa=0.010   0.000	17.986	22.867	27.973	33.610	36.767	40.983	48.419	
3 classes, kappa=0.010   0.000	18.109	21.716	26.894	32.535	36.083	40.588	47.944	
3 classes, kappa=0.010   0.000	18.539	22.299	27.776	33.281	36.675	40.601	48.711	
3 classes, kappa=0.010   0.000	17.802	21.608	27.046	32.833	36.214	40.055	48.220	
3 classes, kappa=0.010   0.000	17.250	21.532	27.124	32.842	36.030	40.706	48.435	
3 classes, kappa=0.010   0.000	18.478	22.069	26.723	32.601	36.574	39.996	48.649	
3 classes, kappa=0.010   0.000	18.662	21.777	27.039	32.904	36.390	40.555	48.680	
3 classes, kappa=0.010   0.000	18.293	21.823	27.144	33.215	36.464	40.200	48.389	
3 classes, kappa=0.010   0.000	17.557	21.301	27.131	32.610	36.232	40.654	47.897	
3 classes, kappa=0.010   0.000	18.539	22.468	27.348	32.952	36.797	40.114	48.419	
3 classes, kappa=0.010   0.000	17.986	22.084	27.434	33.158	36.315	40.555	49.601	
3 classes, kappa=0.010   0.000	16.820	22.207	27.328	33.057	36.297	40.674	48.036	
3 classes, kappa=0.010   0.000	17.434	22.023	27.401	32.882	36.407	40.253	48.818	
3 classes, kappa=0.010   0.000	18.109	21.700	27.019	33.114	36.249	40.022	48.082	
3 classes, kappa=0.010   0.000	18.293	22.222	27.618	33.390	36.727	40.759	48.649	
3 classes, kappa=0.010   0.000	18.293	22.314	27.664	32.895	36.688	41.219	48.711	
3 classes, kappa=0.010   0.000	17.004	21.869	26.664	32.724	36.337	40.700	48.956	
3 classes, kappa=0.010   0.000	17.004	22.130	27.539	33.088	36.214	40.601	48.281	
3 classes, kappa=0.010   0.000	17.434	21.547	27.230	33.167	36.398	40.489	48.926	
3 classes, kappa=0.010   0.000	18.600	21.977	27.013	32.851	36.411	40.016	48.020	
3 classes, kappa=0.011   0.000	17.311	22.145	26.684	32.268	35.859	40.575	48.082	
3 classes, kappa=0.011   0.000	16.513	21.700	26.730	33.022	36.249	40.338	48.082	
3 classes, kappa=0.011   0.000	17.311	21.885	26.907	32.382	36.144	40.470	48.680	
3 classes, kappa=0.011   0.000	18.171	22.360	27.907	33.750	37.017	41.016	48.619	
3 classes, kappa=0.011   0.000	16.513	21.700	26.914	32.531	35.885	40.621	48.266	
3 classes, kappa=0.011   0.000	17.188	21.716	26.684	32.448	35.697	40.489	48.926	
3 classes, kappa=0.011   0.000	16.452	21.731	26.934	32.926	36.118	40.680	48.527	
3 classes, kappa=0.011   0.000	18.293	21.961	27.217	33.430	36.390	40.627	48.404	
3 classes, kappa=0.011   0.000	18.293	22.498	27.887	33.171	36.604	40.595	48.051	
3 classes, kappa=0.011   0.000	16.882	21.271	27.052	32.763	36.249	40.588	47.851	
3 classes, kappa=0.011   0.000	17.864	22.759	27.605	33.211	36.850	40.700	48.603	
3 classes, kappa=0.011   0.000	18.539	22.744	27.611	33.136	36.854	40.877	49.754	
3 classes, kappa=0.011   0.000	18.785	22.667	28.183	33.215	36.745	40.937	49.263	
3 classes, kappa=0.011   0.000	16.206	21.440	26.618	32.386	36.017	40.627	48.788	
3 classes, kappa=0.011   0.000	16.759	21.869	27.223	32.873	36.210	40.667	48.588	
3 classes, kappa=0.011   0.000	18.662	22.836	27.506	33.250	36.596	40.923	48.174	
3 classes, kappa=0.011   0.000	17.557	22.376	27.677	33.360	36.626	40.285	48.788	
3 classes, kappa=0.011   0.000	17.864	22.452	27.453	32.842	36.442	40.752	49.064	
3 classes, kappa=0.011   0.000	17.004	22.023	27.631	33.189	36.657	40.595	48.956	
3 classes, kappa=0.011   0.000	18.662	22.621	27.657	33.325	36.885	40.825	48.281	
3 classes, kappa=0.011   0.000	17.495	21.961	26.993	32.553	36.341	40.627	47.944	
3 classes, kappa=0.011   0.000	19.030	22.560	27.769	33.132	36.648	40.193	49.018	
3 classes, kappa=0.011   0.000	17.618	22.790	28.289	33.035	36.688	40.904	49.294	
3 classes, kappa=0.011   0.000	19.030	21.793	27.407	33.031	36.271	40.049	48.297	
3 classes, kappa=0.011   0.000	18.171	22.606	27.572	33.377	36.657	40.627	48.112	
3 classes, kappa=0.011   0.000	18.293	22.176	27.328	33.316	36.635	39.989	49.401	
3 classes, kappa=0.011   0.000	17.066	21.393	26.500	32.636	36.416	39.496	48.174	
3 classes, kappa=0.012   0.000	17.127	21.209	26.644	33.044	36.333	39.720	48.419	
3 classes, kappa=0.012   0.000	18.907	22.974	28.124	33.496	36.872	40.502	48.435	
3 classes, kappa=0.012   0.000	18.723	22.069	27.269	33.298	36.705	39.983	48.235	
3 classes, kappa=0.012   0.000	17.250	22.360	27.289	33.040	36.569	40.101	48.726	
3 classes, kappa=0.012   0.000	17.864	22.130	26.980	33.070	36.324	40.325	47.744	
3 classes, kappa=0.012   0.000	17.680	22.330	27.098	32.829	36.346	39.845	48.128	
3 classes, kappa=0.012   0.000	17.618	22.483	27.019	33.035	36.297	40.187	48.711	
3 classes, kappa=0.012   0.000	19.091	22.667	27.802	33.303	36.587	40.160	48.051	
3 classes, kappa=0.012   0.000	17.864	22.591	27.519	32.890	36.639	40.272	48.818	
3 classes, kappa=0.012   0.000	18.171	21.685	26.283	32.421	35.771	39.694	49.171	
3 classes, kappa=0.012   0.000	16.452	22.422	27.434	33.303	36.460	39.700	48.297	
3 classes, kappa=0.012   0.000	18.171	22.099	26.960	33.083	36.175	39.740	48.818	
3 classes, kappa=0.012   0.000	18.907	22.529	27.664	33.171	36.311	40.522	48.051	
3 classes, kappa=0.012   0.000	17.434	22.468	27.282	33.342	36.433	40.233	48.880	
3 classes, kappa=0.012   0.000	16.820	20.964	26.289	32.399	35.833	39.516	48.358	
3 classes, kappa=0.012   0.000	17.127	21.409	26.644	32.820	36.109	39.628	48.343	
3 classes, kappa=0.012   0.000	17.741	22.314	26.414	32.527	36.210	39.707	48.189	
3 classes, kappa=0.013   0.000	17.250	21.516	26.269	32.408	35.877	39.378	47.529	
3 classes, kappa=0.013   0.000	18.355	20.933	26.513	32.154	36.096	39.470	48.665	
3 classes, kappa=0.013   0.000	17.802	21.317	26.315	32.307	35.868	39.516	48.358	
3 classes, kappa=0.013   0.000	16.452	21.501	26.237	32.448	35.929	39.411	48.343	
3 classes, kappa=0.014   0.000	18.600	21.440	26.723	32.557	35.885	39.351	48.465	
3 classes, kappa=0.014   0.000	17.741	21.102	26.223	32.474	35.846	38.885	47.990	
3 classes, kappa=0.015   0.000	17.311	21.716	26.447	32.588	35.741	39.102	48.005	
3 classes, kappa=0.015   0.000	18.048	21.608	26.401	32.548	36.017	39.075	48.097	
3 classes, kappa=0.016   0.000	17.434	21.440	25.941	32.167	35.486	39.332	48.603	
3 classes, kappa=0.016   0.000	17.004	20.641	26.493	32.531	35.885	39.016	48.082	
3 classes, kappa=0.016   0.000	16.882	20.810	26.210	32.255	35.592	39.292	47.667	
3 classes, kappa=0.017   0.000	16.636	20.810	26.342	32.189	35.543	39.332	48.020	
3 classes, kappa=0.017   0.000	17.495	21.056	26.112	32.114	35.438	38.970	48.603	
3 classes, kappa=0.017   0.000	16.759	21.194	26.144	32.456	35.486	39.417	47.944	
3 classes, kappa=0.017   0.000	16.513	21.056	26.210	31.978	35.407	39.102	47.514	
3 classes, kappa=0.017   0.000	18.109	21.271	26.375	32.417	36.017	39.483	48.343	
3 classes, kappa=0.017   0.000	17.434	21.578	26.447	32.601	35.850	39.095	47.897	
3 classes, kappa=0.017   0.000	16.697	21.777	26.085	32.141	35.587	39.003	48.818	
3 classes, kappa=0.017   0.000	16.882	21.087	26.348	32.452	35.749	39.299	48.020	
3 classes, kappa=0.017   0.000	16.882	20.902	26.059	32.141	35.407	39.148	48.465	
3 classes, kappa=0.018   0.000	18.109	20.979	26.013	31.913	35.464	39.069	48.220	
3 classes, kappa=0.018   0.000	16.820	21.194	26.006	31.996	35.745	38.595	47.253	
3 classes, kappa=0.018   0.000	16.329	21.393	26.112	31.772	35.179	38.694	48.097	
3 classes, kappa=0.020   0.000	16.882	21.486	25.973	31.983	35.350	38.858	46.777	
3 classes, kappa=0.020   0.000	16.513	20.887	26.158	31.891	35.289	38.556	47.176	
3 classes, kappa=0.020   0.000	17.188	21.225	26.151	31.803	35.342	38.582	47.974	
3 classes, kappa=0.020   0.000	16.145	21.148	25.967	32.101	35.210	38.812	47.621	
3 classes, kappa=0.020   0.000	16.083	20.703	26.079	31.628	35.192	38.411	48.450	
3 classes, kappa=0.021   0.000	16.329	21.163	25.743	31.812	35.149	39.003	47.545	
3 classes, kappa=0.021   0.000	16.145	20.749	25.789	31.562	34.815	38.464	47.637	
3 classes, kappa=0.021   0.000	16.268	20.641	25.592	31.614	35.263	38.450	46.639	
3 classes, kappa=0.021   0.000	16.820	20.565	25.381	31.290	34.886	38.496	47.498	
3 classes, kappa=0.022   0.000	15.961	20.304	25.579	31.391	34.697	38.299	47.038	
3 classes, kappa=0.022   0.000	16.882	20.703	25.145	31.457	35.021	38.404	47.406	
3 classes, kappa=0.022   0.000	16.268	20.335	25.112	31.198	34.899	38.339	47.330	
3 classes, kappa=0.022   0.000	16.145	20.734	24.895	31.097	34.886	38.076	47.314	
3 classes, kappa=0.022   0.000	16.759	20.534	25.289	30.816	34.649	38.082	46.501	
3 classes, kappa=0.022   0.000	16.206	20.212	24.934	30.992	34.723	37.760	46.731	
3 classes, kappa=0.022   0.000	16.329	20.212	24.572	31.180	34.732	38.332	47.759	
3 classes, kappa=0.022   0.000	16.083	20.120	25.316	31.036	34.640	38.496	47.529	
3 classes, kappa=0.023   0.000	16.759	20.427	25.125	30.952	34.500	37.931	47.145	
3 classes, kappa=0.023   0.000	16.575	19.936	24.842	30.865	34.522	38.187	46.102	
3 classes, kappa=0.023   0.000	17.004	20.166	24.987	30.729	34.329	37.497	47.437	
3 classes, kappa=0.023   0.000	15.040	20.242	24.954	30.952	34.355	37.904	47.606	
3 classes, kappa=0.024   0.000	15.715	20.703	24.836	30.676	34.254	37.727	47.606	
3 classes, kappa=0.024   0.000	16.206	20.181	24.836	30.825	34.587	37.661	47.145	
3 classes, kappa=0.024   0.000	16.083	20.012	24.645	30.847	34.416	38.260	47.253	
3 classes, kappa=0.024   0.000	16.513	19.613	24.816	30.702	34.373	37.997	47.115	
3 classes, kappa=0.024   0.000	16.882	20.365	25.066	30.944	34.381	37.885	47.913	
3 classes, kappa=0.024   0.000	15.285	19.322	24.711	30.356	34.210	37.740	46.516	
3 classes, kappa=0.024   0.000	17.250	20.457	25.171	31.009	34.679	37.641	46.670	
3 classes, kappa=0.024   0.000	16.206	20.043	24.954	30.698	34.136	37.694	46.777	
3 classes, kappa=0.024   0.000	16.022	19.966	25.000	30.808	34.215	38.286	47.897	
3 classes, kappa=0.024   0.000	15.961	20.258	24.520	30.751	34.298	37.753	46.486	
3 classes, kappa=0.024   0.000	16.083	20.396	25.151	30.681	34.263	37.773	46.041	
3 classes, kappa=0.024   0.000	16.575	20.626	24.908	30.795	34.530	37.773	47.192	
3 classes, kappa=0.024   0.000	17.373	20.764	24.763	31.093	34.245	37.766	46.931	
3 classes, kappa=0.024   0.000	15.961	19.859	24.355	30.746	34.381	37.352	46.762	
3 classes, kappa=0.024   0.000	15.654	20.227	24.895	30.878	34.386	37.885	47.084	
3 classes, kappa=0.025   0.000	15.654	19.613	24.500	30.584	34.333	37.760	46.393	
3 classes, kappa=0.025   0.000	17.741	20.120	24.849	30.553	34.535	37.484	47.038	
3 classes, kappa=0.025   0.000	17.066	20.703	24.730	30.444	34.267	37.753	47.207	
3 classes, kappa=0.025   0.000	17.618	20.166	24.783	30.720	33.965	37.602	46.977	
3 classes, kappa=0.025   0.000	16.943	20.703	25.013	30.830	34.618	37.832	46.363	
3 classes, kappa=0.025   0.000	15.285	19.874	24.533	30.189	34.079	37.727	46.593	
3 classes, kappa=0.025   0.000	16.329	20.641	25.191	30.847	34.254	37.839	47.023	
3 classes, kappa=0.026   0.000	17.986	20.365	24.671	30.733	34.276	37.142	47.330	
3 classes, kappa=0.027   0.000	18.109	20.028	24.993	30.518	34.004	37.615	47.207	
3 classes, kappa=0.027   0.000	16.083	20.335	24.829	30.453	34.184	37.865	46.885	
3 classes, kappa=0.027   0.000	17.188	20.688	24.783	30.545	34.381	37.707	46.486	
3 classes, kappa=0.027   0.000	16.390	20.641	24.645	30.628	34.447	37.247	46.209	
3 classes, kappa=0.027   0.000	16.697	19.751	24.599	30.211	33.842	37.615	46.179	
3 classes, kappa=0.027   0.000	15.777	20.028	24.467	30.536	33.737	37.135	46.977	
3 classes, kappa=0.027   0.000	16.882	20.258	24.743	30.746	33.741	37.359	46.516	
3 classes, kappa=0.027   0.000	16.022	19.751	24.401	30.282	33.829	36.701	46.762	
3 classes, kappa=0.027   0.000	16.943	20.196	24.638	30.246	33.877	37.142	46.854	
3 classes, kappa=0.027   0.000	15.961	20.565	24.961	30.181	34.153	37.142	46.854	
3 classes, kappa=0.027   0.000	17.004	20.074	24.553	30.360	34.013	37.385	46.486	
3 classes, kappa=0.027   0.000	17.557	20.319	24.520	30.812	34.131	37.806	47.099	
3 classes, kappa=0.027   0.000	16.452	19.997	24.619	30.593	34.123	37.109	45.994	
3 classes, kappa=0.027   0.000	16.268	19.537	24.013	30.185	33.811	37.115	46.762	
3 classes, kappa=0.028   0.000	16.697	19.767	24.737	30.330	33.938	37.253	46.347	
3 classes, kappa=0.028   0.000	16.390	19.598	24.250	30.014	33.588	36.892	46.163	
3 classes, kappa=0.029   0.000	16.513	20.058	24.875	30.093	33.763	37.010	46.547	
3 classes, kappa=0.029   0.000	15.347	19.352	23.961	29.878	33.763	37.174	46.071	
3 classes, kappa=0.029   0.000	16.513	19.368	24.198	29.983	33.662	37.582	46.685	
3 classes, kappa=0.029   0.000	16.206	19.629	23.777	30.045	33.675	36.786	46.869	
3 classes, kappa=0.030   0.000	14.979	19.337	23.415	29.514	33.377	36.484	46.133	
3 classes, kappa=0.030   0.000	16.206	19.291	23.750	29.992	33.522	36.707	46.977	
3 classes, kappa=0.031   0.000	15.347	18.938	23.691	29.343	32.978	36.609	46.163	
3 classes, kappa=0.031   0.000	15.040	19.045	23.560	29.470	32.983	36.760	45.872	
3 classes, kappa=0.032   0.000	16.268	19.091	23.454	28.782	33.035	36.517	46.087	
3 classes, kappa=0.032   0.000	14.733	18.754	23.323	29.212	32.812	36.536	46.087	
3 classes, kappa=0.033   0.000	14.672	19.260	23.454	29.150	32.816	36.234	46.593	
3 classes, kappa=0.033   0.000	16.145	19.214	23.632	29.352	33.189	36.464	46.179	
3 classes, kappa=0.034   0.000	15.163	19.214	23.665	29.141	32.904	36.293	46.501	
3 classes, kappa=0.034   0.000	14.487	19.030	23.172	28.988	32.588	36.287	45.289	
3 classes, kappa=0.035   0.000	14.917	18.785	23.310	28.966	32.557	36.023	45.350	
3 classes, kappa=0.035   0.000	15.777	19.153	23.277	29.198	32.776	35.741	45.856	
3 classes, kappa=0.035   0.000	15.592	18.861	23.106	28.970	32.461	36.037	45.902	
3 classes, kappa=0.035   0.000	15.838	18.370	22.922	28.970	32.715	36.017	46.240	
3 classes, kappa=0.035   0.000	15.899	18.339	22.777	29.067	32.645	35.714	45.703	
3 classes, kappa=0.036   0.000	15.163	18.524	22.849	28.769	32.619	35.576	45.411	
3 classes, kappa=0.037   0.000	15.347	18.570	22.678	28.510	32.610	35.629	44.936	
3 classes, kappa=0.037   0.000	15.347	18.923	22.968	28.576	32.491	35.714	45.856	
3 classes, kappa=0.037   0.000	15.592	18.631	22.343	28.808	32.566	35.537	45.335	
3 classes, kappa=0.037   0.000	14.672	18.094	22.724	28.295	32.316	35.537	46.056	
3 classes, kappa=0.037   0.000	15.040	17.986	22.534	28.282	32.237	35.431	46.041	
3 classes, kappa=0.038   0.000	14.672	17.940	21.961	28.124	31.948	35.681	45.565	
3 classes, kappa=0.038   0.000	14.487	18.416	22.172	28.207	31.829	35.122	44.797	
3 classes, kappa=0.038   0.000	15.040	18.048	22.231	27.944	31.939	35.254	46.102	
3 classes, kappa=0.038   0.000	14.549	18.201	22.053	28.615	32.246	35.668	44.782	
3 classes, kappa=0.038   0.000	14.917	17.925	21.896	27.993	31.834	35.392	45.289	
3 classes, kappa=0.038   0.000	14.487	17.818	22.053	28.076	31.606	35.438	45.227	
3 classes, kappa=0.038   0.000	13.321	17.664	22.244	28.168	31.790	35.517	45.611	
3 classes, kappa=0.039   0.000	14.610	17.357	21.711	27.971	31.728	35.063	44.245	
3 classes, kappa=0.039   0.000	14.303	17.664	22.349	28.282	31.913	35.399	45.104	
3 classes, kappa=0.039   0.000	14.303	17.680	22.073	28.212	31.816	35.405	45.089	
3 classes, kappa=0.039   0.000	14.180	17.787	21.863	27.883	31.790	34.958	46.056	
3 classes, kappa=0.039   0.000	15.224	18.109	21.790	28.045	31.781	35.083	45.672	
3 classes, kappa=0.039   0.000	14.180	17.465	21.573	28.072	31.917	35.399	44.782	
3 classes, kappa=0.040   0.000	14.549	16.805	21.442	27.857	31.505	35.050	44.644	
3 classes, kappa=0.041   0.000	15.101	17.296	21.757	27.589	31.632	35.175	45.718	
3 classes, kappa=0.042   0.000	15.531	17.787	21.757	28.058	31.540	35.070	45.043	
3 classes, kappa=0.042   0.000	13.444	17.357	21.573	27.712	31.544	34.866	45.273	
3 classes, kappa=0.043   0.000	12.830	17.787	21.593	27.607	31.439	34.938	44.629	
3 classes, kappa=0.043   0.000	14.058	17.634	21.507	27.738	31.128	35.103	44.306	
3 classes, kappa=0.044   0.000	13.935	17.035	21.527	27.642	31.286	34.734	44.705	
3 classes, kappa=0.045   0.000	14.487	17.618	21.692	27.598	31.369	34.938	44.045	
3 classes, kappa=0.045   0.000	14.549	17.710	21.593	27.896	31.338	34.958	44.920	
3 classes, kappa=0.045   0.000	14.549	17.188	21.152	27.291	31.058	34.563	44.828	
3 classes, kappa=0.045   0.000	13.996	17.634	21.560	27.730	31.312	35.011	45.488	
3 classes, kappa=0.045   0.000	14.119	17.234	21.133	27.002	31.036	34.208	44.997	
3 classes, kappa=0.046   0.000	14.672	17.234	21.475	27.344	31.093	34.675	45.074	
3 classes, kappa=0.046   0.000	13.198	17.388	21.626	27.585	31.435	34.787	43.953	
3 classes, kappa=0.046   0.000	12.953	17.158	21.869	27.493	31.316	34.971	44.368	
3 classes, kappa=0.046   0.000	13.812	16.989	21.290	27.335	30.987	34.964	44.675	
3 classes, kappa=0.046   0.000	13.382	16.866	21.442	27.418	30.944	34.866	44.352	
3 classes, kappa=0.046   0.000	13.689	16.575	20.981	27.142	31.066	34.511	44.429	
3 classes, kappa=0.046   0.000	13.812	17.373	21.468	27.238	31.123	34.958	44.414	
3 classes, kappa=0.046   0.000	13.198	17.035	21.001	27.107	31.014	34.524	44.506	
3 classes, kappa=0.046   0.000	13.874	17.234	21.402	27.006	31.303	34.754	44.537	
3 classes, kappa=0.046   0.000	14.180	16.667	21.600	27.278	30.961	34.642	44.736	
3 classes, kappa=0.046   0.000	13.689	16.728	21.501	26.844	30.917	34.392	44.690	
3 classes, kappa=0.046   0.000	13.444	17.112	21.422	26.866	30.759	34.517	44.306	
3 classes, kappa=0.046   0.000	14.242	16.483	21.034	26.910	31.053	34.228	44.368	
3 classes, kappa=0.047   0.000	13.751	16.928	20.751	26.962	30.781	34.221	43.907	
3 classes, kappa=0.048   0.000	12.584	16.529	20.666	26.782	30.558	34.320	44.843	
3 classes, kappa=0.049   0.000	13.137	16.436	20.843	26.502	30.588	33.649	44.061	
3 classes, kappa=0.049   0.000	12.646	16.037	20.955	26.537	30.523	34.241	45.104	
3 classes, kappa=0.049   0.000	12.891	16.912	20.521	26.870	30.378	34.313	44.061	
3 classes, kappa=0.049   0.000	12.584	16.145	20.422	26.818	30.821	34.202	44.736	
3 classes, kappa=0.050   0.000	13.505	16.283	20.297	26.638	30.470	33.886	44.199	
3 classes, kappa=0.051   0.000	12.953	16.406	20.481	26.449	30.453	33.537	43.815	
3 classes, kappa=0.051   0.000	13.137	16.298	20.692	26.155	30.229	34.031	43.984	
3 classes, kappa=0.051   0.000	12.339	16.176	20.475	26.423	30.404	33.846	44.076	
3 classes, kappa=0.051   0.000	12.769	16.375	20.462	26.344	30.325	33.820	43.738	
3 classes, kappa=0.052   0.000	13.444	16.483	20.337	25.971	30.014	33.570	44.843	
3 classes, kappa=0.053   0.000	13.628	15.976	19.843	25.919	30.203	33.702	43.278	
3 classes, kappa=0.053   0.000	13.751	15.638	20.205	25.897	29.992	33.669	44.291	
3 classes, kappa=0.054   0.000	12.769	15.623	20.212	26.059	29.768	33.517	44.383	
3 classes, kappa=0.054   0.000	13.321	15.823	19.863	25.897	30.010	33.373	43.877	
3 classes, kappa=0.054   0.000	12.953	15.976	19.988	25.699	30.049	33.735	44.122	
3 classes, kappa=0.055   0.000	11.602	15.623	19.797	25.976	29.606	33.419	43.846	
3 classes, kappa=0.055   0.000	12.277	15.777	19.903	25.682	29.510	33.432	43.846	
3 classes, kappa=0.056   0.000	13.260	15.117	19.909	25.809	30.106	33.636	43.815	
3 classes, kappa=0.056   0.000	11.971	15.163	19.429	25.392	29.624	32.794	44.214	
3 classes, kappa=0.056   0.000	13.076	15.869	20.061	25.520	29.935	32.919	44.475	
3 classes, kappa=0.056   0.000	13.260	15.684	19.922	25.642	29.825	33.320	44.260	
3 classes, kappa=0.057   0.000	11.786	15.439	19.580	25.699	29.773	33.018	44.138	
3 classes, kappa=0.057   0.000	12.830	15.777	19.495	25.791	29.764	33.103	43.278	
3 classes, kappa=0.057   0.000	11.909	15.485	19.534	25.449	29.641	32.965	43.861	
3 classes, kappa=0.057   0.000	12.216	14.963	19.751	25.322	29.409	33.097	43.723	
3 classes, kappa=0.057   0.000	12.523	14.718	19.758	25.322	29.264	33.208	43.217	
3 classes, kappa=0.058   0.000	12.032	15.270	19.554	25.287	29.422	32.978	43.646	
3 classes, kappa=0.058   0.000	12.277	15.193	19.337	24.928	29.273	33.320	43.432	
3 classes, kappa=0.059   0.000	11.971	14.886	19.179	24.844	29.291	32.590	43.247	
3 classes, kappa=0.059   0.000	11.172	14.733	19.100	24.866	29.185	32.584	44.015	
3 classes, kappa=0.059   0.000	11.418	14.794	19.094	24.533	29.185	32.366	42.557	
3 classes, kappa=0.060   0.000	11.725	14.365	19.054	24.796	29.111	32.682	42.587	
3 classes, kappa=0.060   0.000	10.927	14.380	18.614	24.638	28.620	32.235	42.879	
3 classes, kappa=0.060   0.000	11.725	14.150	18.719	24.173	28.655	32.248	43.247	
3 classes, kappa=0.062   0.000	11.295	14.579	18.475	24.651	28.721	32.057	42.910	
3 classes, kappa=0.062   0.000	11.357	14.411	18.567	24.380	28.466	32.084	42.940	
3 classes, kappa=0.062   0.000	10.129	13.966	18.844	24.397	28.830	32.195	42.956	
3 classes, kappa=0.063   0.000	10.559	14.042	18.725	24.485	28.457	32.136	42.664	
3 classes, kappa=0.063   0.000	11.172	14.457	18.331	24.608	28.444	31.972	43.646	
3 classes, kappa=0.063   0.000	10.620	14.656	18.396	24.533	28.558	32.110	42.173	
3 classes, kappa=0.064   0.000	10.866	14.319	18.350	24.437	28.563	31.755	42.910	
3 classes, kappa=0.064   0.000	10.988	14.549	18.193	24.485	28.435	31.814	42.004	
3 classes, kappa=0.065   0.000	10.743	13.935	18.331	24.143	28.348	31.663	42.004	
3 classes, kappa=0.065   0.000	11.172	14.533	18.554	24.371	28.422	31.965	42.603	
3 classes, kappa=0.065   0.000	11.357	14.334	18.620	24.327	28.462	31.867	42.710	
3 classes, kappa=0.065   0.000	11.234	14.472	18.383	24.182	28.115	31.807	43.309	
3 classes, kappa=0.066   0.000	11.602	14.487	18.502	24.064	28.335	31.946	43.247	
3 classes, kappa=0.067   0.000	11.479	14.365	18.377	24.016	28.155	31.985	42.020	
3 classes, kappa=0.068   0.000	10.374	14.672	18.535	24.156	28.137	31.597	42.649	
3 classes, kappa=0.068   0.000	11.479	15.040	18.278	24.165	28.115	31.965	41.866	
3 classes, kappa=0.068   0.000	10.866	14.380	18.396	24.178	28.019	31.755	42.066	
3 classes, kappa=0.068   0.000	11.357	14.518	18.561	23.994	28.339	32.024	42.618	
3 classes, kappa=0.069   0.000	11.664	14.503	18.337	23.989	28.352	31.663	43.247	
3 classes, kappa=0.070   0.000	10.927	14.457	18.239	23.888	28.291	31.446	43.125	
3 classes, kappa=0.071   0.000	11.172	14.088	18.541	23.713	28.409	31.788	42.204	
3 classes, kappa=0.071   0.000	11.050	14.211	17.949	23.915	27.936	31.630	41.621	
3 classes, kappa=0.072   0.000	10.068	13.920	18.022	23.507	27.861	31.281	42.403	
3 classes, kappa=0.072   0.000	9.515	13.950	18.008	23.779	27.712	31.952	42.296	
3 classes, kappa=0.073   0.000	10.313	13.536	18.147	23.481	27.585	31.308	41.621	
3 classes, kappa=0.073   0.000	10.190	13.521	17.956	23.112	27.865	31.498	42.281	
3 classes, kappa=0.074   0.000	10.804	13.490	18.272	23.419	27.554	31.137	41.974	
3 classes, kappa=0.074   0.000	10.927	13.858	18.035	23.318	27.423	30.841	41.022	
3 classes, kappa=0.075   0.000	10.252	13.459	17.706	23.327	27.313	31.209	42.956	
3 classes, kappa=0.075   0.000	11.234	13.398	18.087	23.411	27.594	31.176	42.419	
3 classes, kappa=0.076   0.000	10.988	13.920	17.680	23.147	27.480	31.156	41.667	
3 classes, kappa=0.077   0.000	9.945	13.336	17.857	22.933	27.076	31.288	42.357	
3 classes, kappa=0.077   0.000	10.988	14.042	17.726	23.090	27.374	30.867	41.667	
3 classes, kappa=0.077   0.000	10.743	13.843	17.903	23.345	27.458	31.091	42.419	
3 classes, kappa=0.078   0.000	9.392	13.336	17.568	22.990	27.326	30.834	41.636	
3 classes, kappa=0.079   0.000	10.620	13.306	17.745	22.652	27.212	30.854	41.329	
3 classes, kappa=0.080   0.000	10.190	13.582	17.712	22.665	27.037	30.775	41.206	
3 classes, kappa=0.081   0.000	10.374	13.551	17.607	22.897	27.326	30.775	41.697	
3 classes, kappa=0.082   0.000	11.172	13.812	18.094	22.990	27.295	30.814	41.390	
3 classes, kappa=0.082   0.000	9.945	13.643	17.634	22.972	27.282	30.630	40.439	
3 classes, kappa=0.082   0.000	10.190	13.597	17.403	22.963	27.238	30.637	41.344	
3 classes, kappa=0.083   0.000	10.804	13.705	17.949	22.968	27.265	31.005	41.314	
3 classes, kappa=0.084   0.000	9.761	13.582	17.726	23.029	26.853	30.656	40.807	
3 classes, kappa=0.084   0.000	9.638	13.306	17.430	22.402	26.826	30.610	39.687	
3 classes, kappa=0.084   0.000	10.620	13.275	17.134	22.621	26.848	30.841	40.976	
3 classes, kappa=0.085   0.000	9.454	13.152	16.976	22.573	26.598	30.466	41.544	
3 classes, kappa=0.086   0.000	9.085	12.861	17.206	22.542	26.598	30.275	40.592	
3 classes, kappa=0.086   0.000	9.515	12.968	16.963	22.183	26.471	30.249	41.037	
3 classes, kappa=0.086   0.000	9.147	12.584	16.713	22.187	26.484	30.058	41.498	
3 classes, kappa=0.088   0.000	10.252	13.168	16.864	22.034	26.454	30.058	40.838	
3 classes, kappa=0.088   0.000	10.190	12.845	17.153	22.380	26.432	29.815	41.436	
3 classes, kappa=0.088   0.000	10.190	13.183	17.364	22.512	26.664	30.571	41.176	
3 classes, kappa=0.088   0.000	9.699	13.475	17.074	22.608	26.717	30.084	40.945	
3 classes, kappa=0.089   0.000	8.840	12.953	17.568	22.555	26.721	30.380	41.759	
3 classes, kappa=0.089   0.000	10.866	13.582	17.226	22.542	26.638	30.229	40.746	
3 classes, kappa=0.090   0.000	10.743	13.106	17.245	22.319	26.620	30.479	41.252	
3 classes, kappa=0.090   0.000	10.988	13.183	17.180	22.354	26.695	30.235	40.945	
3 classes, kappa=0.090   0.000	9.515	13.306	17.107	22.538	26.668	29.847	41.851	
3 classes, kappa=0.090   0.000	10.190	12.861	17.140	21.836	26.581	29.953	41.206	
3 classes, kappa=0.090   0.000	10.804	13.290	16.982	22.240	26.160	29.933	41.068	
3 classes, kappa=0.091   0.000	10.190	13.229	16.996	21.692	26.247	30.038	40.592	
3 classes, kappa=0.091   0.000	11.418	13.183	17.351	22.402	26.651	29.874	41.375	
3 classes, kappa=0.091   0.000	9.945	13.398	17.232	22.270	26.497	30.064	40.546	
3 classes, kappa=0.092   0.000	10.620	12.999	17.259	21.994	26.418	29.801	40.163	
3 classes, kappa=0.092   0.000	9.761	13.198	17.094	22.288	26.182	29.519	41.099	
3 classes, kappa=0.092   0.000	9.822	13.428	16.996	22.078	26.041	29.604	40.884	
3 classes, kappa=0.093   0.000	9.699	13.091	17.153	22.029	26.344	29.578	40.193	
3 classes, kappa=0.093   0.000	9.208	12.508	16.548	21.722	26.120	29.473	40.239	
3 classes, kappa=0.094   0.000	10.068	12.462	16.535	21.806	25.800	29.413	40.485	
3 classes, kappa=0.094   0.000	9.269	13.029	16.640	21.477	26.291	29.473	40.684	
3 classes, kappa=0.094   0.000	10.129	12.293	16.456	21.516	25.796	29.348	40.577	
3 classes, kappa=0.094   0.000	9.638	12.492	16.693	21.534	26.112	29.505	40.362	
3 classes, kappa=0.095   0.000	9.331	12.554	16.621	21.635	25.765	29.571	40.715	
3 classes, kappa=0.095   0.000	9.331	12.431	16.443	21.139	25.796	29.459	39.764	
3 classes, kappa=0.096   0.000	9.392	12.630	16.239	21.187	26.072	29.190	40.838	
3 classes, kappa=0.096   0.000	9.085	12.308	16.364	21.258	25.813	29.157	39.856	
3 classes, kappa=0.097   0.000	9.208	12.354	16.430	21.306	25.853	29.413	40.055	
3 classes, kappa=0.097   0.000	9.761	12.523	16.575	21.192	25.559	28.913	40.193	
3 classes, kappa=0.097   0.000	9.269	11.817	16.450	21.231	25.068	29.295	40.301	
3 classes, kappa=0.098   0.000	9.454	11.971	16.246	21.100	25.327	29.117	40.239	
3 classes, kappa=0.099   0.000	9.085	12.508	16.140	20.968	25.493	28.617	39.733	
3 classes, kappa=0.100   0.000	9.576	12.262	16.108	20.964	25.533	28.788	40.117	
3 classes, kappa=0.100   0.000	9.638	11.986	16.088	21.030	25.726	28.762	40.439	
3 classes, kappa=0.101   0.000	9.822	11.940	15.989	20.889	25.213	28.940	39.902	
3 classes, kappa=0.102   0.000	10.129	12.492	16.173	20.547	25.296	28.808	39.810	
3 classes, kappa=0.104   0.000	9.147	12.124	15.950	20.670	25.221	28.690	39.134	
3 classes, kappa=0.105   0.000	8.901	12.231	16.094	20.828	25.235	28.519	39.564	
3 classes, kappa=0.105   0.000	9.454	12.093	16.226	20.424	25.024	28.394	39.334	
3 classes, kappa=0.106   0.000	8.717	11.863	16.002	20.749	25.213	28.598	40.086	
3 classes, kappa=0.106   0.000	9.331	12.124	16.127	20.503	24.901	28.433	40.009	
3 classes, kappa=0.106   0.000	9.024	12.109	15.904	20.530	25.208	28.446	40.009	
3 classes, kappa=0.107   0.000	10.006	12.078	15.752	20.525	24.805	28.460	39.150	
3 classes, kappa=0.107   0.000	10.006	11.986	16.187	20.784	24.963	28.394	40.899	
3 classes, kappa=0.107   0.000	9.392	11.955	15.825	20.420	24.621	28.295	39.288	
3 classes, kappa=0.108   0.000	8.594	12.093	15.950	20.481	24.792	28.223	39.411	
3 classes, kappa=0.108   0.000	8.963	11.832	15.779	20.595	24.967	28.328	39.718	
3 classes, kappa=0.110   0.000	8.963	12.078	15.825	20.192	24.743	28.289	38.674	
3 classes, kappa=0.110   0.000	9.269	12.047	15.687	20.240	24.849	28.197	39.257	
3 classes, kappa=0.110   0.000	9.024	12.124	16.029	20.758	24.437	28.348	39.180	
3 classes, kappa=0.110   0.000	10.190	11.817	15.976	20.346	24.393	28.039	39.088	
3 classes, kappa=0.111   0.000	9.269	12.170	15.601	20.407	24.704	28.190	38.720	
3 classes, kappa=0.111   0.000	10.804	12.247	15.897	20.604	24.537	28.190	38.996	
3 classes, kappa=0.112   0.000	9.331	12.600	16.325	20.652	24.871	28.124	39.104	
3 classes, kappa=0.112   0.000	9.638	12.615	15.805	20.398	24.717	28.157	39.917	
3 classes, kappa=0.112   0.000	8.963	12.262	15.891	20.499	24.796	28.085	39.518	
3 classes, kappa=0.112   0.000	9.576	12.308	16.187	20.293	24.502	27.979	39.058	
3 classes, kappa=0.112   0.000	9.024	12.216	15.720	20.319	24.634	27.933	40.178	
3 classes, kappa=0.113   0.000	9.576	12.231	15.825	20.565	24.559	28.203	39.104	
3 classes, kappa=0.113   0.000	9.576	11.817	15.838	20.495	24.638	27.887	39.027	
3 classes, kappa=0.113   0.000	8.778	12.339	15.693	20.157	24.266	27.874	38.613	
3 classes, kappa=0.113   0.000	9.822	12.032	15.733	20.232	24.349	27.881	39.533	
3 classes, kappa=0.113   0.000	9.576	12.170	15.713	19.929	24.147	27.855	38.613	
3 classes, kappa=0.113   0.000	9.576	12.385	15.910	20.337	24.323	28.328	38.045	
3 classes, kappa=0.114   0.000	9.699	11.863	15.562	19.951	24.279	27.512	39.748	
3 classes, kappa=0.115   0.000	8.656	12.078	15.174	19.819	24.349	27.460	38.720	
3 classes, kappa=0.115   0.000	9.024	12.078	15.443	19.675	24.173	27.447	38.521	
3 classes, kappa=0.115   0.000	9.269	11.556	15.233	19.854	23.674	27.381	39.549	
3 classes, kappa=0.115   0.000	9.147	11.357	15.595	19.675	23.761	27.493	38.781	
3 classes, kappa=0.116   0.000	9.699	11.971	15.634	19.626	24.059	27.348	38.567	
3 classes, kappa=0.117   0.000	9.331	12.109	15.338	19.512	23.924	27.361	39.334	
3 classes, kappa=0.117   0.000	9.699	11.924	15.154	19.661	24.064	27.355	38.889	
3 classes, kappa=0.117   0.000	8.471	12.124	15.417	19.644	23.621	27.434	38.751	
3 classes, kappa=0.117   0.000	8.901	12.047	15.160	19.732	23.783	27.394	38.935	
3 classes, kappa=0.117   0.000	8.901	11.740	15.036	19.521	23.801	27.230	38.290	
3 classes, kappa=0.118   0.000	8.840	11.572	15.397	19.754	23.731	27.118	38.152	
3 classes, kappa=0.118   0.000	10.006	12.093	15.470	19.815	24.182	27.309	38.091	
3 classes, kappa=0.119   0.000	9.883	12.201	15.299	19.394	23.924	26.934	38.168	
3 classes, kappa=0.121   0.000	9.208	11.940	15.404	19.754	23.603	27.223	39.165	
3 classes, kappa=0.121   0.000	9.576	12.047	15.049	19.569	23.704	27.105	38.413	
3 classes, kappa=0.122   0.000	9.331	11.802	15.522	19.556	23.731	27.092	38.828	
3 classes, kappa=0.123   0.000	9.454	12.139	15.233	19.363	23.397	26.815	38.843	
3 classes, kappa=0.123   0.000	9.638	12.400	15.568	19.793	23.731	27.052	37.999	
3 classes, kappa=0.123   0.000	10.068	12.124	15.450	19.512	23.853	27.019	38.122	
3 classes, kappa=0.123   0.000	10.743	12.646	15.621	19.995	23.888	27.039	38.336	
3 classes, kappa=0.124   0.000	9.515	12.262	15.483	19.565	23.485	26.881	38.106	
3 classes, kappa=0.124   0.000	10.068	12.477	15.608	19.613	23.696	27.203	39.334	
3 classes, kappa=0.124   0.000	10.559	12.262	15.496	19.626	23.625	27.019	38.014	
3 classes, kappa=0.125   0.000	9.208	12.277	15.312	19.565	23.459	26.953	38.643	
3 classes, kappa=0.125   0.000	10.129	12.201	15.726	19.613	23.906	26.868	38.198	
3 classes, kappa=0.125   0.000	9.945	12.354	15.430	19.666	23.875	26.947	37.523	
3 classes, kappa=0.126   0.000	9.638	12.431	15.838	19.657	23.564	27.006	38.858	
3 classes, kappa=0.126   0.000	10.190	12.216	15.759	19.490	23.906	27.078	37.983	
3 classes, kappa=0.127   0.000	9.392	12.385	15.568	19.824	23.687	26.756	38.198	
3 classes, kappa=0.127   0.000	9.883	12.078	15.220	19.429	23.603	26.519	38.521	
3 classes, kappa=0.128   0.000	10.068	12.523	15.430	19.267	23.525	26.750	37.508	
3 classes, kappa=0.128   0.000	10.313	12.431	15.588	19.376	23.639	26.730	37.569	
3 classes, kappa=0.128   0.000	10.129	12.630	15.535	19.390	23.533	26.651	37.692	
3 classes, kappa=0.129   0.000	9.208	12.293	15.088	19.210	23.402	26.493	38.352	
3 classes, kappa=0.129   0.000	9.761	12.492	15.410	19.618	23.297	26.638	38.551	
3 classes, kappa=0.130   0.000	9.085	12.707	15.279	19.284	23.375	26.657	37.784	
3 classes, kappa=0.130   0.000	9.699	12.032	15.154	19.416	23.143	26.440	37.646	
3 classes, kappa=0.130   0.000	9.515	11.525	14.588	18.885	23.051	26.342	37.339	
3 classes, kappa=0.130   0.000	8.778	12.047	15.147	18.982	23.156	26.184	37.324	
3 classes, kappa=0.130   0.000	10.190	12.400	15.292	19.289	23.213	26.717	37.830	
3 classes, kappa=0.130   0.000	10.068	11.971	14.989	19.131	23.104	26.177	36.832	
3 classes, kappa=0.130   0.000	10.006	11.863	15.029	18.741	23.095	26.579	37.937	
3 classes, kappa=0.130   0.000	9.515	11.894	14.838	18.828	23.152	26.296	38.106	
3 classes, kappa=0.131   0.000	10.620	12.615	15.213	18.925	23.011	26.256	37.676	
3 classes, kappa=0.131   0.000	10.006	11.971	14.838	18.780	22.884	26.138	37.907	
3 classes, kappa=0.131   0.000	8.901	12.078	14.654	19.298	23.169	26.289	38.060	
3 classes, kappa=0.132   0.000	9.822	11.986	15.285	19.078	22.994	26.467	37.661	
3 classes, kappa=0.132   0.000	10.190	12.047	14.897	19.039	23.055	26.394	38.198	
3 classes, kappa=0.133   0.000	9.699	12.170	14.989	19.061	22.946	26.158	37.707	
3 classes, kappa=0.134   0.000	9.699	11.618	15.246	18.846	23.117	26.197	37.999	
3 classes, kappa=0.134   0.000	9.822	12.124	14.950	18.785	22.849	26.401	36.971	
3 classes, kappa=0.134   0.000	10.129	11.878	15.187	18.780	23.130	26.309	37.983	
3 classes, kappa=0.134   0.000	9.208	11.633	14.753	18.662	22.617	26.158	37.247	
3 classes, kappa=0.135   0.000	9.269	11.525	14.983	19.008	22.748	26.250	37.738	
3 classes, kappa=0.135   0.000	10.866	12.047	15.312	18.916	22.744	26.171	37.308	
3 classes, kappa=0.135   0.000	9.269	11.894	14.832	18.947	22.867	26.019	37.216	
3 classes, kappa=0.135   0.000	9.638	11.756	14.845	18.548	22.459	25.941	36.556	
3 classes, kappa=0.135   0.000	9.331	11.832	14.904	18.806	22.656	26.098	37.692	
3 classes, kappa=0.136   0.000	9.515	12.109	15.068	18.868	22.674	26.118	36.572	
3 classes, kappa=0.137   0.000	9.515	12.001	15.134	18.771	22.845	26.112	37.124	
3 classes, kappa=0.138   0.000	9.576	12.047	15.101	18.741	22.262	25.895	36.955	
3 classes, kappa=0.139   0.000	9.822	11.618	14.884	18.806	22.757	26.098	36.971	
3 classes, kappa=0.139   0.000	9.454	11.863	14.759	18.407	22.363	25.881	37.968	
3 classes, kappa=0.140   0.000	9.269	12.032	14.601	18.504	22.253	25.809	37.569	
3 classes, kappa=0.140   0.000	9.208	11.802	14.522	18.276	22.459	25.730	36.618	
3 classes, kappa=0.140   0.000	9.024	11.265	14.503	18.298	22.196	25.388	36.771	
3 classes, kappa=0.140   0.000	9.576	11.219	14.503	18.320	22.152	25.428	36.878	
3 classes, kappa=0.141   0.000	9.822	11.295	14.042	18.140	22.380	25.375	36.387	
3 classes, kappa=0.141   0.000	9.761	11.694	14.351	18.302	22.288	25.053	37.308	
3 classes, kappa=0.141   0.000	8.901	11.710	14.391	18.272	22.099	25.289	37.047	
3 classes, kappa=0.142   0.000	9.024	11.525	14.036	18.105	21.985	25.013	37.017	
3 classes, kappa=0.142   0.000	9.515	11.525	14.305	18.035	22.130	25.506	36.832	
3 classes, kappa=0.142   0.000	9.576	11.510	14.227	17.877	21.766	25.243	37.078	
3 classes, kappa=0.142   0.000	9.147	11.172	14.365	18.179	21.928	25.230	35.697	
3 classes, kappa=0.143   0.000	9.699	11.019	14.095	17.986	21.731	25.099	36.878	
3 classes, kappa=0.144   0.000	9.945	11.265	14.036	17.715	21.850	24.836	36.464	
3 classes, kappa=0.144   0.000	9.147	11.357	14.121	17.592	21.775	25.013	37.247	
3 classes, kappa=0.145   0.000	8.901	11.464	14.095	17.745	21.898	25.263	36.986	
3 classes, kappa=0.145   0.000	9.454	11.280	13.917	17.886	21.551	24.928	36.694	
3 classes, kappa=0.147   0.000	8.287	11.065	13.990	17.539	22.003	25.020	36.142	
3 classes, kappa=0.148   0.000	9.085	11.219	13.832	17.767	21.714	24.717	36.479	
3 classes, kappa=0.149   0.000	9.392	11.418	13.871	17.710	21.622	24.961	36.786	
3 classes, kappa=0.150   0.000	9.454	11.249	14.075	17.623	21.407	25.046	36.618	
3 classes, kappa=0.151   0.000	8.656	11.096	14.023	17.666	21.345	24.500	36.372	
3 classes, kappa=0.151   0.000	8.901	11.357	13.707	17.482	21.275	24.605	36.019	
3 classes, kappa=0.152   0.000	8.840	11.188	13.792	17.320	21.082	24.763	36.326	
3 classes, kappa=0.153   0.000	9.208	11.357	13.885	17.377	21.214	24.605	35.820	
3 classes, kappa=0.154   0.000	8.717	10.820	13.740	17.473	21.231	24.546	36.341	
3 classes, kappa=0.155   0.000	8.717	11.249	13.773	17.530	21.183	24.454	35.850	
3 classes, kappa=0.155   0.000	9.024	11.096	13.865	17.307	20.977	24.270	35.681	
3 classes, kappa=0.156   0.000	8.533	11.188	13.779	17.267	21.315	24.237	36.525	
3 classes, kappa=0.157   0.000	8.471	11.080	13.648	17.193	21.258	24.500	35.513	
3 classes, kappa=0.157   0.000	9.515	10.927	13.740	17.377	21.249	24.323	35.697	
3 classes, kappa=0.158   0.000	8.471	11.004	13.852	17.074	20.968	24.198	36.464	
3 classes, kappa=0.158   0.000	8.410	10.927	13.713	17.145	20.753	24.250	35.666	
3 classes, kappa=0.160   0.000	8.963	10.942	13.641	17.224	20.872	24.086	36.142	
3 classes, kappa=0.160   0.000	8.349	10.820	13.444	17.131	21.078	24.020	36.172	
3 classes, kappa=0.162   0.000	8.656	10.988	13.575	16.956	21.043	24.323	35.988	
3 classes, kappa=0.162   0.000	8.226	10.635	13.542	16.895	20.758	24.224	35.344	
3 classes, kappa=0.163   0.000	9.024	10.804	13.562	16.820	20.902	23.981	35.988	
3 classes, kappa=0.164   0.000	8.349	10.252	13.168	16.654	20.714	24.059	34.269	
3 classes, kappa=0.164   0.000	7.858	10.482	13.128	16.697	20.525	23.790	35.574	
3 classes, kappa=0.165   0.000	8.410	10.451	13.076	16.509	20.652	23.546	35.252	
3 classes, kappa=0.166   0.000	8.778	10.037	13.325	16.276	20.587	23.573	35.083	
3 classes, kappa=0.167   0.000	8.656	10.513	13.128	16.750	20.464	23.421	36.065	
3 classes, kappa=0.167   0.000	8.349	10.221	13.023	16.697	20.249	23.428	35.589	
3 classes, kappa=0.168   0.000	8.963	10.313	12.951	16.531	20.372	23.468	35.114	
3 classes, kappa=0.169   0.000	8.471	10.344	13.102	16.320	20.262	23.461	35.021	
3 classes, kappa=0.170   0.000	8.103	10.359	12.832	16.114	20.192	23.139	34.484	
3 classes, kappa=0.170   0.000	8.103	10.221	12.898	16.434	20.223	23.264	34.116	
3 classes, kappa=0.170   0.000	7.428	9.914	12.313	15.891	20.183	23.191	34.730	
3 classes, kappa=0.172   0.000	8.042	9.883	12.641	16.088	20.047	23.014	34.269	
3 classes, kappa=0.172   0.000	7.551	9.392	12.306	15.812	19.727	22.645	34.392	
3 classes, kappa=0.172   0.000	7.612	9.500	12.444	15.934	19.534	22.869	33.564	
3 classes, kappa=0.172   0.000	7.060	9.530	12.181	15.671	19.477	22.849	34.576	
3 classes, kappa=0.173   0.000	7.060	9.669	12.207	15.693	19.403	22.672	35.021	
3 classes, kappa=0.174   0.000	7.366	9.239	12.398	15.899	19.315	22.678	33.855	
3 classes, kappa=0.174   0.000	7.551	9.530	12.306	15.255	19.262	22.751	34.009	
3 classes, kappa=0.175   0.000	7.612	9.561	12.359	15.737	19.613	22.757	34.454	
3 classes, kappa=0.175   0.000	7.919	9.254	12.188	15.768	19.495	22.606	34.699	
3 classes, kappa=0.176   0.000	7.060	9.331	12.102	15.645	19.565	22.691	34.239	
3 classes, kappa=0.177   0.000	7.858	9.300	11.984	15.619	19.381	22.520	34.530	
3 classes, kappa=0.179   0.000	6.998	9.162	12.207	15.413	19.499	22.494	33.993	
3 classes, kappa=0.179   0.000	6.814	9.101	11.898	15.487	19.284	22.494	34.162	
3 classes, kappa=0.180   0.000	7.060	8.855	11.964	15.456	19.245	22.501	34.346	
3 classes, kappa=0.181   0.000	7.182	9.055	12.023	15.268	18.934	22.376	34.392	
3 classes, kappa=0.181   0.000	7.489	9.116	11.826	15.119	19.192	22.382	34.331	
3 classes, kappa=0.182   0.000	6.937	8.763	11.629	15.075	18.925	22.159	34.484	
3 classes, kappa=0.182   0.000	7.244	8.763	11.773	15.228	19.074	22.198	34.607	
3 classes, kappa=0.183   0.000	6.814	8.870	11.773	15.145	18.916	21.909	34.177	
3 classes, kappa=0.183   0.000	7.612	8.886	11.878	15.220	18.920	22.185	34.116	
3 classes, kappa=0.183   0.000	6.568	9.039	12.056	15.211	18.872	22.205	33.840	
3 classes, kappa=0.185   0.000	6.568	8.870	11.655	14.965	19.153	22.047	34.469	
3 classes, kappa=0.185   0.000	7.366	8.901	12.003	15.066	18.934	22.126	33.778	
3 classes, kappa=0.186   0.000	6.753	8.656	11.780	15.329	19.013	21.909	32.873	
3 classes, kappa=0.186   0.000	6.875	9.085	11.951	14.970	18.951	21.974	33.395	
3 classes, kappa=0.187   0.000	6.998	8.963	11.615	14.970	19.026	21.843	34.484	
3 classes, kappa=0.188   0.000	6.937	8.794	11.642	14.808	18.881	22.080	34.009	
3 classes, kappa=0.188   0.000	6.998	8.932	11.826	15.075	18.846	21.909	33.042	
3 classes, kappa=0.189   0.000	6.998	8.778	11.878	15.224	18.956	22.047	33.794	
3 classes, kappa=0.189   0.000	6.875	8.717	11.372	15.014	19.030	21.876	33.379	
3 classes, kappa=0.190   0.000	7.796	9.147	11.832	15.167	19.039	21.882	33.303	
3 classes, kappa=0.190   0.000	7.121	8.901	11.556	15.167	18.833	21.902	32.950	
3 classes, kappa=0.191   0.000	7.060	8.533	11.418	14.843	18.714	21.672	34.055	
3 classes, kappa=0.191   0.000	7.428	8.748	11.576	15.097	18.789	21.771	33.333	
3 classes, kappa=0.191   0.000	7.244	8.517	11.451	14.869	18.618	21.659	33.656	
3 classes, kappa=0.192   0.000	7.305	8.564	11.865	14.904	18.644	21.692	33.686	
3 classes, kappa=0.192   0.000	6.753	8.824	11.846	14.825	18.578	21.711	33.656	
3 classes, kappa=0.193   0.000	6.998	8.732	11.569	14.672	18.618	21.771	33.717	
3 classes, kappa=0.194   0.000	7.428	9.116	11.477	14.720	18.653	21.639	33.855	
3 classes, kappa=0.194   0.000	7.244	8.932	11.517	14.865	18.478	21.448	34.239	
3 classes, kappa=0.194   0.000	7.366	8.963	11.819	14.952	18.728	21.310	32.781	
3 classes, kappa=0.195   0.000	7.796	9.269	11.701	14.610	18.456	21.573	33.011	
3 classes, kappa=0.196   0.000	7.244	8.870	11.707	14.759	18.390	21.290	32.980	
3 classes, kappa=0.196   0.000	6.998	8.748	11.721	14.641	18.605	21.231	33.318	
3 classes, kappa=0.197   0.000	6.630	8.656	11.346	14.584	18.517	21.172	33.057	
3 classes, kappa=0.198   0.000	6.814	8.441	11.372	14.549	18.258	21.198	32.919	
3 classes, kappa=0.198   0.000	6.507	8.809	11.379	14.733	18.280	21.455	32.505	
3 classes, kappa=0.199   0.000	7.121	8.917	11.596	14.470	18.482	21.468	32.812	
3 classes, kappa=0.199   0.000	6.937	8.533	11.267	14.553	18.193	21.172	33.732	
3 classes, kappa=0.200   0.000	6.998	8.379	11.339	14.220	18.061	21.231	31.691	
3 classes, kappa=0.200   0.000	7.305	8.870	11.214	14.382	18.215	21.218	33.640	
3 classes, kappa=0.201   0.000	6.937	8.594	11.175	14.264	18.122	21.106	33.640	
3 classes, kappa=0.201   0.000	6.446	8.656	11.405	14.093	18.087	21.159	33.072	
3 classes, kappa=0.202   0.000	6.323	8.425	10.977	14.141	17.969	20.850	33.026	
3 classes, kappa=0.203   0.000	6.077	8.686	11.089	14.176	17.846	21.087	33.257	
3 classes, kappa=0.203   0.000	5.955	8.103	10.852	13.738	17.715	20.791	33.011	
3 classes, kappa=0.203   0.000	6.077	8.149	11.155	13.900	17.938	20.843	32.781	
3 classes, kappa=0.204   0.000	6.139	8.211	10.668	13.694	17.487	20.679	31.952	
3 classes, kappa=0.205   0.000	6.691	8.226	10.813	13.641	17.754	20.830	32.136	
3 classes, kappa=0.206   0.000	6.507	7.904	10.839	13.764	17.750	20.580	32.612	
3 classes, kappa=0.207   0.000	6.200	8.118	10.642	13.812	17.671	20.633	32.474	
3 classes, kappa=0.208   0.000	5.709	8.349	10.820	13.632	17.605	20.462	32.044	
3 classes, kappa=0.209   0.000	5.525	7.904	10.721	13.466	17.416	20.389	32.719	
3 classes, kappa=0.210   0.000	5.893	7.888	10.695	13.523	17.272	20.370	33.226	
3 classes, kappa=0.211   0.000	5.586	7.888	10.366	13.409	17.324	20.153	32.198	
3 classes, kappa=0.211   0.000	6.077	8.103	10.399	13.325	17.110	20.001	32.382	
3 classes, kappa=0.211   0.000	6.200	8.088	10.524	13.461	17.101	20.205	32.090	
3 classes, kappa=0.212   0.000	6.262	8.118	10.254	13.409	17.250	20.120	32.765	
3 classes, kappa=0.212   0.000	6.691	8.625	10.464	13.382	17.009	19.863	31.645	
3 classes, kappa=0.213   0.000	6.323	8.487	10.543	13.273	17.294	19.883	32.673	
3 classes, kappa=0.214   0.000	6.507	8.103	10.201	13.154	17.320	20.021	30.939	
3 classes, kappa=0.215   0.000	6.814	8.226	10.537	13.185	17.022	20.199	31.599	
3 classes, kappa=0.215   0.000	5.832	7.950	10.333	12.764	17.092	19.870	31.522	
3 classes, kappa=0.215   0.000	6.016	7.719	10.353	13.014	16.987	19.975	31.799	
3 classes, kappa=0.216   0.000	6.262	8.042	10.096	12.913	17.000	19.949	31.707	
3 classes, kappa=0.218   0.000	6.446	8.072	10.306	13.115	16.890	19.903	31.492	
3 classes, kappa=0.219   0.000	5.586	8.134	10.109	13.058	16.711	19.725	32.581	
3 classes, kappa=0.220   0.000	5.832	8.057	10.458	13.019	16.825	19.528	31.446	
3 classes, kappa=0.221   0.000	5.893	8.042	10.359	13.067	16.741	19.778	31.753	
3 classes, kappa=0.223   0.000	5.832	7.904	10.175	13.102	16.588	19.515	31.676	
3 classes, kappa=0.223   0.000	6.139	8.118	10.530	13.238	16.864	19.843	30.909	
3 classes, kappa=0.224   0.000	5.586	8.042	10.030	12.913	16.746	19.646	31.430	
3 classes, kappa=0.224   0.000	6.077	8.410	10.530	13.106	16.860	19.837	31.691	
3 classes, kappa=0.226   0.000	6.323	8.425	10.372	13.203	16.667	19.449	31.246	
3 classes, kappa=0.227   0.000	6.077	7.996	10.609	13.124	16.496	19.705	30.985	
3 classes, kappa=0.228   0.000	6.077	8.118	10.280	12.992	16.711	19.758	30.786	
3 classes, kappa=0.230   0.000	6.568	8.134	10.353	12.883	16.513	19.416	31.200	
3 classes, kappa=0.230   0.000	6.691	8.272	10.353	12.847	16.605	19.376	31.599	
3 classes, kappa=0.230   0.000	6.507	8.118	10.129	12.869	16.294	19.258	31.154	
3 classes, kappa=0.231   0.000	6.384	8.103	10.451	12.839	16.561	19.357	31.246	
3 classes, kappa=0.231   0.000	6.323	8.425	10.234	12.966	16.724	19.278	31.476	
3 classes, kappa=0.232   0.000	6.446	8.057	10.175	12.812	16.474	19.173	31.338	
3 classes, kappa=0.232   0.000	6.630	8.272	10.234	12.922	16.697	19.337	30.801	
3 classes, kappa=0.233   0.000	6.016	8.272	10.287	12.786	16.540	19.232	30.985	
3 classes, kappa=0.234   0.000	6.200	8.134	10.228	12.738	16.404	19.344	31.215	
3 classes, kappa=0.235   0.000	6.691	7.934	10.274	12.962	16.522	19.173	30.970	
3 classes, kappa=0.236   0.000	6.323	8.165	10.379	12.742	16.426	19.337	30.310	
3 classes, kappa=0.236   0.000	6.446	7.965	10.260	12.694	16.526	19.199	31.123	
3 classes, kappa=0.238   0.000	6.262	8.011	10.037	12.637	16.219	18.738	31.323	
3 classes, kappa=0.238   0.000	6.323	8.134	10.083	12.681	16.404	18.817	30.740	
3 classes, kappa=0.239   0.000	6.262	8.318	10.201	12.624	16.145	19.258	30.003	
3 classes, kappa=0.240   0.000	6.384	8.118	10.089	12.497	16.053	18.916	29.804	
3 classes, kappa=0.242   0.000	5.770	7.719	9.912	12.466	16.079	18.831	30.279	
3 classes, kappa=0.242   0.000	6.507	7.888	9.958	12.541	15.943	18.817	30.325	
3 classes, kappa=0.242   0.000	5.770	7.842	9.747	12.400	15.930	18.561	30.064	
3 classes, kappa=0.242   0.000	6.077	7.796	9.866	12.282	16.075	18.738	30.356	
3 classes, kappa=0.242   0.000	6.630	7.873	10.070	12.356	15.886	18.778	30.295	
3 classes, kappa=0.243   0.000	6.200	7.597	9.840	12.260	15.961	18.574	30.218	
3 classes, kappa=0.243   0.000	6.323	7.597	9.853	12.396	15.812	18.528	30.218	
3 classes, kappa=0.244   0.000	6.016	8.088	9.636	12.212	15.777	18.410	29.497	
3 classes, kappa=0.245   0.000	5.955	7.520	9.715	12.238	15.781	18.567	30.540	
3 classes, kappa=0.245   0.000	5.279	7.627	9.846	12.137	15.790	18.475	29.604	
3 classes, kappa=0.246   0.000	6.016	7.612	9.622	12.067	15.610	18.410	30.770	
3 classes, kappa=0.248   0.000	5.832	7.581	9.912	11.944	15.461	18.370	30.279	
3 classes, kappa=0.249   0.000	5.770	7.474	9.734	11.935	15.706	18.022	30.003	
3 classes, kappa=0.250   0.000	5.893	7.551	9.879	12.028	15.478	17.982	30.110	
3 classes, kappa=0.251   0.000	5.525	7.796	9.761	11.979	15.426	18.120	29.650	
3 classes, kappa=0.251   0.000	5.955	7.397	9.570	11.997	15.382	18.318	30.310	
3 classes, kappa=0.252   0.000	6.262	7.673	9.498	12.085	15.356	17.857	29.804	
3 classes, kappa=0.253   0.000	5.832	7.827	9.629	12.247	15.527	17.929	29.635	
3 classes, kappa=0.253   0.000	5.402	7.459	9.590	12.054	15.250	18.061	29.926	
3 classes, kappa=0.254   0.000	6.200	8.011	9.872	12.106	15.228	18.028	30.064	
3 classes, kappa=0.255   0.000	6.262	7.888	9.774	11.865	15.325	17.726	29.282	
3 classes, kappa=0.257   0.000	6.384	7.796	9.721	11.905	15.369	17.811	29.451	
3 classes, kappa=0.257   0.000	6.507	7.812	9.629	11.769	15.439	17.851	29.205	
3 classes, kappa=0.258   0.000	5.955	7.873	9.675	11.887	15.228	17.660	29.144	
3 classes, kappa=0.259   0.000	6.384	7.673	9.642	11.756	15.202	17.673	28.929	
3 classes, kappa=0.259   0.000	6.016	7.627	9.326	11.629	15.114	17.699	29.451	
3 classes, kappa=0.261   0.000	6.446	7.735	9.886	11.892	15.224	17.837	28.837	
3 classes, kappa=0.261   0.000	5.648	7.535	9.320	11.668	15.207	17.541	28.883	
3 classes, kappa=0.262   0.000	5.955	7.934	9.655	11.971	14.957	17.864	29.006	
3 classes, kappa=0.263   0.000	6.262	7.551	9.576	11.852	14.987	17.489	28.484	
3 classes, kappa=0.264   0.000	6.446	7.842	9.590	11.839	15.022	17.693	29.220	
3 classes, kappa=0.266   0.000	6.077	7.873	9.498	11.773	15.014	17.587	29.113	
3 classes, kappa=0.266   0.000	6.016	7.489	9.563	11.515	14.979	17.495	29.006	
3 classes, kappa=0.266   0.000	5.402	7.413	9.261	11.475	14.865	17.285	28.929	
3 classes, kappa=0.267   0.000	5.279	7.566	9.267	11.501	14.733	17.259	28.791	
3 classes, kappa=0.269   0.000	5.525	7.520	9.451	11.300	14.492	17.292	29.328	
3 classes, kappa=0.270   0.000	5.095	7.612	9.248	11.567	14.593	17.252	28.407	
3 classes, kappa=0.271   0.000	5.402	7.121	9.353	11.308	14.536	17.167	28.622	
3 classes, kappa=0.272   0.000	5.893	7.566	9.320	11.523	14.553	17.074	28.300	
3 classes, kappa=0.273   0.000	5.893	7.228	9.320	11.602	14.579	17.081	28.300	
3 classes, kappa=0.275   0.000	5.586	7.014	9.129	11.072	14.536	16.871	29.282	
3 classes, kappa=0.275   0.000	5.832	6.998	8.813	11.028	14.400	17.068	28.146	
3 classes, kappa=0.276   0.000	5.648	7.198	9.129	10.984	14.496	16.943	27.609	
3 classes, kappa=0.276   0.000	5.402	7.305	9.004	11.098	14.268	16.785	27.916	
3 classes, kappa=0.277   0.000	4.481	7.244	8.458	10.975	14.198	16.778	27.701	
3 classes, kappa=0.277   0.000	5.770	6.522	8.774	10.918	14.220	16.739	28.330	
3 classes, kappa=0.278   0.000	4.604	7.060	8.761	10.993	13.974	16.535	28.100	
3 classes, kappa=0.280   0.000	5.095	7.090	9.155	10.866	13.974	16.535	27.808	
3 classes, kappa=0.281   0.000	5.095	7.060	8.807	10.958	13.939	16.430	28.023	
3 classes, kappa=0.282   0.000	5.218	6.753	8.728	10.668	13.812	16.436	27.486	
3 classes, kappa=0.282   0.000	5.770	6.783	8.774	10.773	13.988	16.318	28.023	
3 classes, kappa=0.283   0.000	4.788	6.799	8.465	10.681	13.703	16.371	27.195	
3 classes, kappa=0.284   0.000	4.604	6.845	8.550	10.778	13.716	16.292	27.808	
3 classes, kappa=0.285   0.000	5.218	6.829	8.504	10.620	13.667	16.246	27.594	
3 classes, kappa=0.287   0.000	4.972	6.967	8.590	10.497	13.584	16.167	28.161	
3 classes, kappa=0.288   0.000	4.788	6.967	8.642	10.624	13.843	16.417	27.072	
3 classes, kappa=0.289   0.000	4.665	6.814	8.531	10.515	13.646	16.042	28.392	
3 classes, kappa=0.289   0.000	4.911	6.860	8.491	10.524	13.786	16.160	27.271	
3 classes, kappa=0.290   0.000	5.095	6.707	8.452	10.348	13.562	15.851	27.624	
3 classes, kappa=0.291   0.000	4.972	6.998	8.379	10.313	13.290	16.035	28.054	
3 classes, kappa=0.292   0.000	5.157	6.676	8.445	10.475	13.426	15.812	27.563	
3 classes, kappa=0.293   0.000	5.157	6.768	8.281	10.015	13.260	15.614	26.197	
3 classes, kappa=0.293   0.000	4.604	6.707	8.439	10.256	13.268	15.891	27.640	
3 classes, kappa=0.294   0.000	4.420	6.262	8.031	9.954	13.128	15.417	27.010	
3 classes, kappa=0.294   0.000	4.420	5.970	7.465	9.682	12.865	15.246	27.072	
3 classes, kappa=0.295   0.000	4.481	6.415	7.985	9.870	13.019	15.351	27.210	
3 classes, kappa=0.295   0.000	4.604	6.123	7.912	9.879	12.856	15.285	27.225	
3 classes, kappa=0.295   0.000	4.297	5.970	7.537	9.612	12.751	15.200	26.519	
3 classes, kappa=0.295   0.000	4.297	5.985	7.426	9.747	12.606	15.345	26.458	
3 classes, kappa=0.296   0.000	4.359	6.169	7.603	9.528	12.755	15.397	27.394	
3 classes, kappa=0.297   0.000	4.052	5.694	7.511	9.515	12.663	15.068	27.010	
3 classes, kappa=0.298   0.000	4.543	6.123	7.419	9.498	12.703	15.114	26.964	
3 classes, kappa=0.299   0.000	4.174	5.724	7.537	9.493	12.510	14.937	27.133	
3 classes, kappa=0.301   0.000	4.359	6.047	7.228	9.392	12.615	15.101	26.719	
3 classes, kappa=0.301   0.000	4.297	6.154	7.689	9.493	12.532	15.160	26.458	
3 classes, kappa=0.302   0.000	4.727	5.740	7.353	9.427	12.619	14.911	26.489	
3 classes, kappa=0.303   0.000	4.297	6.047	7.577	9.383	12.492	15.042	26.443	
3 classes, kappa=0.303   0.000	4.359	5.909	7.380	9.291	12.444	14.700	26.750	
3 classes, kappa=0.305   0.000	4.788	5.924	7.215	9.419	12.352	14.713	26.443	
3 classes, kappa=0.305   0.000	4.727	5.878	7.248	9.357	12.238	14.595	26.120	
3 classes, kappa=0.307   0.000	4.850	5.648	7.307	9.340	12.273	14.522	26.872	
3 classes, kappa=0.308   0.000	4.481	5.878	7.215	9.291	12.150	14.661	26.535	
3 classes, kappa=0.310   0.000	4.604	5.663	7.248	9.077	11.971	14.647	26.059	
3 classes, kappa=0.310   0.000	3.929	5.893	7.235	9.217	12.071	14.529	25.844	
3 classes, kappa=0.312   0.000	4.665	5.786	7.182	9.120	12.133	14.483	26.304	
3 classes, kappa=0.313   0.000	4.113	5.648	7.044	9.287	11.795	14.404	26.366	
3 classes, kappa=0.313   0.000	4.972	5.924	7.314	9.055	12.006	14.463	25.338	
3 classes, kappa=0.314   0.000	4.420	5.709	7.228	9.037	11.975	14.325	25.246	
3 classes, kappa=0.316   0.000	3.990	5.648	6.992	8.971	12.006	14.273	26.289	
3 classes, kappa=0.317   0.000	4.481	5.617	7.301	8.945	11.896	14.161	25.230	
3 classes, kappa=0.319   0.000	4.236	5.494	7.281	9.015	11.975	14.029	25.568	
3 classes, kappa=0.320   0.000	3.806	5.663	6.985	9.103	11.826	14.102	25.645	
3 classes, kappa=0.322   0.000	4.665	5.740	7.301	9.151	12.159	14.227	25.737	
3 classes, kappa=0.322   0.000	4.543	5.479	6.978	8.717	11.782	14.102	25.737	
3 classes, kappa=0.323   0.000	4.420	6.016	7.301	9.155	11.857	14.174	26.243	
3 classes, kappa=0.325   0.000	4.174	5.632	7.294	9.006	11.909	14.095	25.307	
3 classes, kappa=0.326   0.000	4.604	5.770	7.274	9.116	11.997	14.180	25.107	
3 classes, kappa=0.327   0.000	4.727	5.755	7.320	9.006	11.887	14.029	25.046	
3 classes, kappa=0.330   0.000	4.850	5.878	7.097	9.134	11.874	14.167	25.276	
3 classes, kappa=0.331   0.000	5.279	5.878	7.215	9.397	11.694	14.154	25.338	
3 classes, kappa=0.332   0.000	4.543	5.510	7.235	9.063	11.861	14.003	24.954	
3 classes, kappa=0.332   0.000	4.297	5.878	7.242	8.879	11.927	13.996	25.522	
3 classes, kappa=0.333   0.000	4.174	5.770	7.103	9.050	11.971	13.990	25.031	
3 classes, kappa=0.335   0.000	4.359	5.448	6.992	9.046	11.826	13.871	25.031	
3 classes, kappa=0.337   0.000	5.034	5.602	7.268	8.976	11.962	14.062	25.000	
3 classes, kappa=0.339   0.000	4.665	5.740	7.149	9.186	11.905	13.779	25.061	
3 classes, kappa=0.341   0.000	4.604	5.632	7.274	9.195	11.620	13.917	25.737	
3 classes, kappa=0.342   0.000	4.420	5.740	7.084	9.015	11.852	13.819	25.414	
3 classes, kappa=0.343   0.000	4.727	5.770	7.413	9.191	11.848	13.924	24.524	
3 classes, kappa=0.344   0.000	4.665	5.770	7.117	9.059	11.874	13.858	25.077	
3 classes, kappa=0.344   0.000	4.727	5.709	7.024	9.090	11.738	13.753	25.031	
3 classes, kappa=0.345   0.000	4.850	5.387	7.090	8.888	11.664	13.891	25.092	
3 classes, kappa=0.347   0.000	4.604	5.770	7.255	8.989	11.686	13.904	24.662	
3 classes, kappa=0.348   0.000	4.788	5.648	7.110	8.884	11.545	13.977	24.739	
3 classes, kappa=0.350   0.000	4.359	5.617	7.051	8.853	11.659	13.608	24.616	
3 classes, kappa=0.350   0.000	4.420	5.556	6.853	8.993	11.734	13.483	24.494	
3 classes, kappa=0.350   0.000	4.604	5.632	7.051	8.927	11.545	13.608	24.095	
3 classes, kappa=0.351   0.000	4.911	5.724	6.978	9.059	11.672	13.628	25.184	
3 classes, kappa=0.351   0.000	4.543	5.678	7.143	8.910	11.528	13.516	24.064	
3 classes, kappa=0.352   0.000	4.972	5.632	7.051	8.923	11.519	13.510	24.309	
3 classes, kappa=0.352   0.000	4.850	5.786	7.189	8.963	11.650	13.760	24.417	
3 classes, kappa=0.353   0.000	5.034	5.694	7.117	8.818	11.804	13.575	25.414	
3 classes, kappa=0.353   0.000	4.604	5.586	6.952	8.822	11.370	13.496	25.230	
3 classes, kappa=0.355   0.000	5.279	5.510	7.130	8.686	11.444	13.490	24.202	
3 classes, kappa=0.356   0.000	4.359	5.479	6.893	8.765	11.308	13.464	24.171	
3 classes, kappa=0.357   0.000	4.788	5.510	7.051	8.717	11.506	13.569	24.110	
3 classes, kappa=0.357   0.000	4.420	5.494	6.978	8.656	11.287	13.286	23.174	
3 classes, kappa=0.358   0.000	4.604	5.878	6.959	8.678	11.190	13.457	23.696	
3 classes, kappa=0.359   0.000	3.990	5.648	6.860	8.906	11.287	13.398	23.895	
3 classes, kappa=0.359   0.000	4.359	5.433	6.821	9.006	11.607	13.227	23.343	
3 classes, kappa=0.359   0.000	4.543	5.479	6.939	8.756	11.357	13.293	24.125	
3 classes, kappa=0.360   0.000	4.359	5.893	6.801	8.958	11.265	13.398	23.404	
3 classes, kappa=0.360   0.000	4.850	5.878	6.761	9.107	11.414	13.365	24.340	
3 classes, kappa=0.360   0.000	4.297	5.279	6.853	8.726	11.177	13.253	23.849	
3 classes, kappa=0.361   0.000	4.481	5.862	7.097	9.020	11.699	13.694	24.647	
3 classes, kappa=0.361   0.000	4.420	5.586	7.077	8.761	11.466	13.431	23.649	
3 classes, kappa=0.363   0.000	5.034	5.755	6.919	8.919	11.629	13.510	24.693	
3 classes, kappa=0.366   0.000	5.095	5.816	6.880	8.941	11.615	13.431	24.494	
3 classes, kappa=0.367   0.000	4.481	5.586	7.018	9.011	11.563	13.299	23.972	
3 classes, kappa=0.368   0.000	4.972	5.571	6.860	8.708	11.392	13.299	24.217	
3 classes, kappa=0.368   0.000	4.665	5.556	6.788	8.853	11.295	13.266	23.757	
3 classes, kappa=0.369   0.000	4.236	5.249	6.932	8.743	11.273	13.220	23.649	
3 classes, kappa=0.370   0.000	4.052	5.402	6.735	8.625	11.168	13.352	23.834	
3 classes, kappa=0.372   0.000	4.113	5.172	6.636	8.699	11.194	13.214	23.772	
3 classes, kappa=0.372   0.000	4.297	5.295	6.919	8.735	11.177	13.299	23.849	
3 classes, kappa=0.374   0.000	4.236	5.141	6.656	8.691	11.098	13.122	24.018	
3 classes, kappa=0.375   0.000	4.543	5.341	6.643	8.572	10.931	13.043	23.097	
3 classes, kappa=0.376   0.000	4.359	5.648	6.932	8.888	11.159	13.154	23.266	
3 classes, kappa=0.376   0.000	4.543	5.049	6.821	8.533	11.098	12.951	23.511	
3 classes, kappa=0.378   0.000	4.420	5.295	6.715	8.581	11.028	12.990	23.726	
3 classes, kappa=0.378   0.000	4.788	5.463	6.564	8.708	10.958	13.108	23.680	
3 classes, kappa=0.379   0.000	4.359	5.525	6.775	8.691	11.124	12.780	23.082	
3 classes, kappa=0.379   0.000	4.359	5.632	6.696	8.686	10.997	12.852	23.373	
3 classes, kappa=0.380   0.000	4.972	5.586	7.011	8.827	11.216	13.003	23.880	
3 classes, kappa=0.381   0.000	4.481	5.632	7.005	8.761	11.080	12.845	23.665	
3 classes, kappa=0.382   0.000	4.911	5.862	6.781	8.906	11.124	12.924	23.818	
3 classes, kappa=0.384   0.000	4.604	5.816	7.064	8.862	11.172	12.924	23.312	
3 classes, kappa=0.386   0.000	4.543	5.770	6.913	8.704	11.063	13.069	23.297	
3 classes, kappa=0.387   0.000	4.604	5.740	7.136	8.739	11.010	12.951	22.637	
3 classes, kappa=0.387   0.000	4.665	5.356	7.084	8.796	10.879	12.997	22.713	
3 classes, kappa=0.388   0.000	4.543	5.832	6.860	8.844	10.993	12.990	22.990	
3 classes, kappa=0.388   0.000	4.236	5.463	7.097	8.787	10.730	13.043	23.204	
3 classes, kappa=0.390   0.000	4.788	5.310	6.946	8.629	11.006	12.865	23.281	
3 classes, kappa=0.390   0.000	4.052	5.341	6.880	8.699	10.896	12.780	23.788	
3 classes, kappa=0.391   0.000	4.236	5.786	6.781	8.607	10.598	12.878	23.312	
3 classes, kappa=0.391   0.000	4.359	5.463	6.768	8.756	10.984	12.780	22.851	
3 classes, kappa=0.392   0.000	4.420	5.402	6.557	8.572	10.809	12.694	22.974	
3 classes, kappa=0.392   0.000	4.481	5.617	6.709	8.682	10.892	12.773	22.207	
3 classes, kappa=0.393   0.000	4.359	5.433	6.748	8.621	10.830	12.753	22.529	
3 classes, kappa=0.395   0.000	4.113	5.279	6.860	8.634	10.918	12.845	23.250	
3 classes, kappa=0.396   0.000	4.174	5.417	6.604	8.454	10.870	12.766	23.174	
3 classes, kappa=0.396   0.000	4.543	5.233	6.511	8.366	10.594	12.622	22.391	
3 classes, kappa=0.397   0.000	4.113	5.433	6.663	8.362	10.725	12.753	23.266	
3 classes, kappa=0.399   0.000	4.420	5.095	6.604	8.445	10.747	12.694	22.299	
3 classes, kappa=0.400   0.000	4.420	5.187	6.577	8.388	10.594	12.457	22.637	
3 classes, kappa=0.401   0.000	4.481	5.187	6.544	8.533	10.585	12.510	23.005	
3 classes, kappa=0.403   0.000	4.604	5.095	6.544	8.362	10.502	12.345	22.391	
3 classes, kappa=0.404   0.000	4.543	5.110	6.498	8.371	10.497	12.168	22.314	
3 classes, kappa=0.406   0.000	3.990	5.264	6.433	8.507	10.572	12.385	22.192	
3 classes, kappa=0.407   0.000	4.052	5.218	6.479	8.195	10.515	12.332	23.189	
3 classes, kappa=0.408   0.000	4.052	5.264	6.669	8.401	10.383	12.365	22.007	
3 classes, kappa=0.410   0.000	4.174	5.203	6.544	8.423	10.392	12.326	22.437	
3 classes, kappa=0.412   0.000	4.788	5.264	6.406	8.226	10.322	12.194	21.977	
3 classes, kappa=0.412   0.000	4.604	5.172	6.367	8.151	10.221	12.102	21.839	
3 classes, kappa=0.414   0.000	3.806	5.034	6.367	8.195	10.287	12.003	21.194	
3 classes, kappa=0.416   0.000	4.174	4.988	6.400	8.191	10.116	11.905	22.130	
3 classes, kappa=0.417   0.000	4.052	4.896	6.327	8.099	10.195	11.832	21.823	
3 classes, kappa=0.418   0.000	3.745	4.988	6.209	8.156	9.993	11.852	22.099	
3 classes, kappa=0.419   0.000	4.174	4.880	6.051	8.046	10.037	11.642	21.808	
3 classes, kappa=0.419   0.000	3.499	4.635	6.183	8.046	10.068	11.846	21.977	
3 classes, kappa=0.420   0.000	3.806	4.681	6.064	7.853	10.002	11.846	21.424	
3 classes, kappa=0.421   0.000	4.052	4.850	6.071	7.950	9.940	11.701	22.084	
3 classes, kappa=0.423   0.000	3.929	4.773	6.058	8.002	10.050	11.694	21.808	
3 classes, kappa=0.423   0.000	3.315	4.788	6.150	7.994	9.997	11.530	21.133	
3 classes, kappa=0.424   0.000	4.236	4.681	6.308	7.757	10.085	11.905	21.286	
3 classes, kappa=0.424   0.000	4.113	4.711	6.137	7.994	10.050	11.629	21.762	
3 classes, kappa=0.425   0.000	3.622	4.758	6.137	7.823	10.120	11.786	21.332	
3 classes, kappa=0.425   0.000	3.254	4.650	6.130	7.923	9.967	11.839	21.240	
3 classes, kappa=0.426   0.000	3.192	4.942	6.262	7.945	10.155	11.563	21.363	
3 classes, kappa=0.428   0.000	4.236	5.034	6.268	7.976	10.085	11.753	21.578	
3 classes, kappa=0.428   0.000	3.376	4.957	6.321	7.967	9.936	11.767	21.470	
3 classes, kappa=0.429   0.000	4.174	4.926	6.446	8.033	9.997	11.701	20.979	
3 classes, kappa=0.430   0.000	3.806	4.727	6.196	7.963	9.967	11.714	21.654	
3 classes, kappa=0.431   0.000	3.745	4.896	6.130	8.081	9.831	11.451	21.793	
3 classes, kappa=0.432   0.000	3.376	4.942	6.235	7.989	9.910	11.530	20.641	
3 classes, kappa=0.433   0.000	3.745	4.742	6.091	7.757	9.835	11.458	21.332	
3 classes, kappa=0.434   0.000	3.745	4.850	6.347	7.862	9.936	11.734	21.670	
3 classes, kappa=0.436   0.000	4.052	5.034	6.242	7.980	9.866	11.780	21.025	
3 classes, kappa=0.436   0.000	3.929	5.141	6.176	7.787	9.822	11.490	21.501	
3 classes, kappa=0.437   0.000	3.683	4.880	6.248	7.937	9.905	11.372	21.746	
3 classes, kappa=0.439   0.000	3.929	4.896	6.327	7.950	10.186	11.714	20.749	
3 classes, kappa=0.439   0.000	3.683	4.911	6.367	8.108	10.081	11.760	21.409	
3 classes, kappa=0.439   0.000	3.622	4.865	6.183	7.722	9.787	11.438	21.332	
3 classes, kappa=0.440   0.000	3.929	5.417	6.669	8.314	10.006	11.622	21.562	
3 classes, kappa=0.440   0.000	3.990	5.341	6.676	8.283	10.265	11.694	21.332	
3 classes, kappa=0.441   0.000	3.990	5.126	6.676	8.037	10.063	11.655	21.516	
3 classes, kappa=0.442   0.000	4.420	5.218	6.577	8.112	10.252	11.615	21.332	
3 classes, kappa=0.443   0.000	4.236	5.356	6.380	8.042	10.063	11.701	20.350	
3 classes, kappa=0.445   0.000	4.543	5.141	6.551	8.134	10.164	11.767	20.242	
3 classes, kappa=0.445   0.000	4.174	5.233	6.525	8.099	10.151	11.622	21.179	
3 classes, kappa=0.446   0.000	3.990	5.264	6.663	8.059	10.186	11.734	21.854	
3 classes, kappa=0.447   0.000	3.560	5.310	6.439	8.029	10.208	11.688	21.148	
3 classes, kappa=0.447   0.000	4.236	5.080	6.604	8.235	10.252	11.635	20.872	
3 classes, kappa=0.447   0.000	4.052	5.387	6.643	8.051	10.230	11.892	20.473	
3 classes, kappa=0.448   0.000	4.174	5.602	6.952	8.243	10.291	12.155	21.163	
3 classes, kappa=0.449   0.000	4.113	5.310	6.551	8.248	10.107	11.734	20.902	
3 classes, kappa=0.449   0.000	4.113	5.433	6.847	8.314	10.423	11.924	21.301	
3 classes, kappa=0.451   0.000	4.481	5.540	6.873	8.327	10.186	11.997	20.749	
3 classes, kappa=0.453   0.000	4.420	5.602	6.755	8.489	10.287	11.911	20.565	
3 classes, kappa=0.455   0.000	4.543	5.525	6.775	8.327	10.383	11.865	21.056	
3 classes, kappa=0.457   0.000	3.745	5.540	6.906	8.577	10.326	11.990	21.010	
3 classes, kappa=0.458   0.000	4.113	5.295	6.689	8.147	10.190	11.688	20.780	
3 classes, kappa=0.459   0.000	4.359	5.387	6.873	8.252	10.326	11.767	20.718	
3 classes, kappa=0.459   0.000	4.665	5.279	6.531	8.265	10.002	11.701	20.565	
3 classes, kappa=0.461   0.000	4.359	5.586	6.860	8.257	10.203	12.030	20.503	
3 classes, kappa=0.463   0.000	4.113	5.786	6.801	8.265	10.348	11.832	20.764	
3 classes, kappa=0.464   0.000	4.727	5.586	6.893	8.279	10.151	11.609	20.350	
3 classes, kappa=0.466   0.000	4.604	5.387	6.590	8.331	10.164	11.767	20.595	
3 classes, kappa=0.467   0.000	4.113	5.295	6.630	8.173	10.208	11.681	20.427	
3 classes, kappa=0.468   0.000	4.850	5.187	6.788	8.235	10.050	11.800	20.242	
3 classes, kappa=0.470   0.000	4.236	5.110	6.636	8.134	10.151	11.438	20.381	
3 classes, kappa=0.472   0.000	4.359	5.510	6.709	8.134	10.076	11.550	20.902	
3 classes, kappa=0.473   0.000	3.867	5.080	6.781	8.029	10.024	11.497	19.598	
3 classes, kappa=0.473   0.000	4.359	5.494	6.899	8.248	10.151	11.813	20.565	
3 classes, kappa=0.476   0.000	4.604	5.632	6.860	8.287	10.085	11.596	20.488	
3 classes, kappa=0.477   0.000	4.481	5.402	6.893	8.274	10.107	11.800	20.181	
3 classes, kappa=0.479   0.000	3.560	5.341	6.952	8.125	9.962	11.563	19.920	
3 classes, kappa=0.479   0.000	4.481	5.617	6.801	8.156	10.072	11.523	19.905	
3 classes, kappa=0.480   0.000	4.052	4.896	6.748	8.178	9.892	11.550	20.196	
3 classes, kappa=0.480   0.000	4.543	5.264	6.886	8.086	10.186	11.477	20.335	
3 classes, kappa=0.480   0.000	3.929	5.586	6.794	8.121	10.155	11.602	20.074	
3 classes, kappa=0.480   0.000	3.683	5.494	6.827	8.283	10.168	11.629	19.552	
3 classes, kappa=0.481   0.000	4.174	5.064	6.709	8.108	10.046	11.543	19.537	
3 classes, kappa=0.483   0.000	4.665	5.510	6.689	8.090	10.098	11.596	19.721	
3 classes, kappa=0.485   0.000	4.359	5.448	6.676	8.072	10.019	11.293	20.242	
3 classes, kappa=0.486   0.000	4.052	5.494	6.801	8.129	10.032	11.418	19.982	
3 classes, kappa=0.488   0.000	4.359	5.341	6.853	8.195	9.949	11.431	19.383	
3 classes, kappa=0.489   0.000	4.113	5.433	6.801	7.972	9.901	11.451	19.076	
3 classes, kappa=0.490   0.000	4.727	5.218	6.709	8.103	9.840	11.313	19.460	
3 classes, kappa=0.492   0.000	4.236	5.172	6.814	7.915	9.840	11.510	19.583	
3 classes, kappa=0.494   0.000	3.867	5.371	6.604	8.042	9.809	11.300	19.490	
3 classes, kappa=0.496   0.000	4.236	5.525	6.873	8.077	9.993	11.319	18.877	
3 classes, kappa=0.496   0.000	4.297	5.479	6.821	8.108	9.787	11.280	19.490	
3 classes, kappa=0.498   0.000	4.174	5.341	6.827	8.099	9.818	11.352	19.368	
3 classes, kappa=0.499   0.000	4.359	5.417	6.564	7.901	9.783	11.227	19.398	
3 classes, kappa=0.499   0.000	4.604	5.448	6.755	8.081	9.796	11.208	19.230	
3 classes, kappa=0.500   0.000	4.052	5.310	6.728	7.840	9.673	11.181	19.721	
3 classes, kappa=0.500   0.000	4.359	5.310	6.571	7.928	9.559	11.267	19.429	
3 classes, kappa=0.501   0.000	4.174	5.448	6.682	7.871	9.756	11.096	19.444	
3 classes, kappa=0.503   0.000	4.297	5.402	6.544	7.801	9.568	11.102	19.091	
3 classes, kappa=0.505   0.000	4.359	5.494	6.663	7.853	9.734	11.050	19.030	
3 classes, kappa=0.506   0.000	3.867	5.080	6.617	7.906	9.612	11.214	19.015	
3 classes, kappa=0.508   0.000	3.929	5.295	6.827	7.906	9.555	11.247	18.861	
3 classes, kappa=0.509   0.000	4.420	5.678	6.689	7.884	9.655	11.208	18.892	
3 classes, kappa=0.511   0.000	4.604	5.417	6.794	7.950	9.866	11.155	19.245	
3 classes, kappa=0.513   0.000	4.174	5.387	6.696	7.998	9.581	11.004	18.769	
3 classes, kappa=0.513   0.000	4.481	5.371	6.557	7.787	9.524	11.004	18.186	
3 classes, kappa=0.514   0.000	4.481	5.172	6.518	7.866	9.498	10.741	18.401	
3 classes, kappa=0.516   0.000	4.236	5.494	6.544	7.761	9.533	11.004	19.030	
3 classes, kappa=0.518   0.000	4.604	5.264	6.571	7.730	9.458	10.918	18.738	
3 classes, kappa=0.520   0.000	3.867	5.110	6.505	7.730	9.515	10.754	18.984	
3 classes, kappa=0.522   0.000	4.727	5.371	6.728	7.722	9.471	10.885	18.140	
3 classes, kappa=0.524   0.000	4.420	5.387	6.650	7.726	9.677	10.892	18.646	
3 classes, kappa=0.524   0.000	4.604	5.279	6.498	7.717	9.423	10.925	18.462	
3 classes, kappa=0.525   0.000	4.174	5.709	6.557	7.744	9.677	11.037	18.508	
3 classes, kappa=0.527   0.000	4.911	5.617	6.630	8.068	9.835	10.971	18.478	
3 classes, kappa=0.527   0.000	4.543	5.494	6.853	7.866	9.638	10.806	18.201	
3 classes, kappa=0.529   0.000	5.095	5.724	6.748	7.972	9.752	10.820	18.831	
3 classes, kappa=0.530   0.000	4.604	5.663	6.992	8.011	9.840	11.023	17.986	
3 classes, kappa=0.531   0.000	4.850	5.556	6.985	7.985	9.699	10.754	18.017	
3 classes, kappa=0.533   0.000	4.481	5.617	7.011	8.081	9.804	11.030	18.600	
3 classes, kappa=0.534   0.000	4.911	6.047	7.281	8.064	10.116	11.162	18.370	
3 classes, kappa=0.534   0.000	4.543	5.709	6.939	7.901	9.927	11.010	18.217	
3 classes, kappa=0.535   0.000	4.850	5.770	7.235	8.239	9.914	11.148	18.140	
3 classes, kappa=0.536   0.000	4.911	5.755	7.182	8.239	9.918	11.129	17.772	
3 classes, kappa=0.538   0.000	5.034	5.878	7.274	8.059	9.971	11.102	17.680	
3 classes, kappa=0.540   0.000	4.850	5.663	7.182	8.195	10.146	11.056	17.680	
3 classes, kappa=0.542   0.000	5.525	5.770	7.189	8.151	9.918	11.069	17.587	
3 classes, kappa=0.544   0.000	4.727	5.909	7.149	8.143	9.866	11.135	17.526	
3 classes, kappa=0.546   0.000	5.279	5.816	7.176	8.186	9.796	11.155	17.281	
3 classes, kappa=0.548   0.000	5.341	5.724	7.156	8.151	9.818	11.096	17.265	
3 classes, kappa=0.549   0.000	5.157	5.755	7.353	8.204	9.822	11.030	17.342	
3 classes, kappa=0.551   0.000	5.463	5.740	7.163	8.274	10.089	11.096	17.373	
3 classes, kappa=0.551   0.000	5.218	5.724	7.123	8.340	9.743	10.839	17.618	
3 classes, kappa=0.552   0.000	5.157	5.816	7.274	8.375	10.076	11.076	18.017	
3 classes, kappa=0.554   0.000	5.034	5.816	7.432	8.436	9.936	11.089	17.526	
3 classes, kappa=0.556   0.000	4.665	5.801	7.182	8.217	10.212	11.155	17.250	
3 classes, kappa=0.558   0.000	4.788	6.047	7.439	8.283	9.967	11.267	16.882	
3 classes, kappa=0.560   0.000	5.034	5.724	7.419	8.173	10.059	11.148	17.603	
3 classes, kappa=0.562   0.000	4.911	5.740	7.189	8.033	9.905	10.898	17.127	
3 classes, kappa=0.562   0.000	4.543	5.786	7.281	8.230	9.905	11.162	16.912	
3 classes, kappa=0.564   0.000	4.972	5.786	7.314	8.077	10.006	10.866	17.050	
3 classes, kappa=0.564   0.000	4.972	6.001	7.169	8.116	9.747	10.859	16.789	
3 classes, kappa=0.565   0.000	5.525	6.016	7.465	8.235	10.006	11.043	17.265	
3 classes, kappa=0.565   0.000	4.850	5.924	7.024	8.195	9.524	10.649	16.882	
3 classes, kappa=0.567   0.000	5.034	5.832	7.353	8.200	9.879	11.017	16.728	
3 classes, kappa=0.569   0.000	5.034	6.215	7.426	8.156	9.787	10.879	16.805	
3 classes, kappa=0.570   0.000	5.095	5.955	7.445	8.064	9.954	10.905	16.820	
3 classes, kappa=0.571   0.000	5.586	6.093	7.261	8.138	9.791	10.852	17.020	
3 classes, kappa=0.572   0.000	5.341	5.970	7.393	8.099	9.712	10.721	17.204	
3 classes, kappa=0.574   0.000	5.218	6.123	7.123	8.068	9.769	11.037	17.066	
3 classes, kappa=0.576   0.000	5.218	6.093	7.334	7.963	9.712	10.925	16.974	
3 classes, kappa=0.577   0.000	4.911	5.617	7.005	7.853	9.568	10.747	16.789	
3 classes, kappa=0.578   0.000	5.402	5.816	7.248	8.121	9.730	10.589	16.605	
3 classes, kappa=0.579   0.000	5.832	5.724	7.294	8.029	9.940	10.866	16.805	
3 classes, kappa=0.581   0.000	5.893	6.001	7.320	7.932	9.660	10.780	16.882	
3 classes, kappa=0.583   0.000	5.402	5.985	7.505	8.129	9.717	10.931	17.465	
3 classes, kappa=0.585   0.000	5.341	6.016	7.465	8.134	9.796	10.905	16.206	
3 classes, kappa=0.587   0.000	5.525	6.262	7.472	8.121	9.791	10.872	16.697	
3 classes, kappa=0.588   0.000	5.832	5.909	7.465	8.077	9.752	10.793	15.853	
3 classes, kappa=0.591   0.000	5.218	5.970	7.215	8.086	9.892	10.681	16.467	
3 classes, kappa=0.593   0.000	5.218	6.031	7.386	7.980	9.629	10.958	16.298	
3 classes, kappa=0.594   0.000	5.586	6.047	7.347	8.099	9.910	10.754	15.884	
3 classes, kappa=0.596   0.000	5.218	5.786	7.498	8.029	9.984	10.787	15.224	
3 classes, kappa=0.598   0.000	4.972	5.909	7.472	7.980	9.717	10.944	16.252	
3 classes, kappa=0.598   0.000	6.077	6.277	7.478	8.134	10.011	11.023	15.823	
3 classes, kappa=0.600   0.000	5.586	5.832	7.623	8.165	9.975	10.879	15.869	
3 classes, kappa=0.602   0.000	5.832	6.047	7.531	8.169	10.041	10.912	16.099	
3 classes, kappa=0.602   0.000	6.016	6.246	7.551	8.279	9.967	10.872	15.823	
