2018-05-04.10:58:37

3 classes, kappa=-0.025   0.000	25.185	29.907	32.143	38.201	40.714	43.849	50.833	
3 classes, kappa=-0.023   0.000	23.704	27.685	31.508	37.011	39.894	43.770	49.815	
3 classes, kappa=-0.018   0.000	20.370	28.981	31.508	36.190	38.942	43.095	51.481	
3 classes, kappa=-0.011   0.000	26.296	27.593	31.151	36.693	39.497	41.706	50.556	
3 classes, kappa=-0.001   0.000	22.222	28.056	30.357	36.852	39.550	42.262	49.444	
3 classes, kappa=0.005   0.000	22.222	28.333	31.667	36.931	39.683	42.619	48.704	
3 classes, kappa=0.005   0.000	25.185	29.167	32.460	36.825	39.127	43.532	50.741	
3 classes, kappa=0.006   0.000	24.444	28.426	31.548	37.328	39.577	43.651	49.444	
3 classes, kappa=0.009   0.000	22.963	27.778	31.310	37.090	38.757	42.579	47.778	
3 classes, kappa=0.010   0.000	25.926	28.704	31.349	36.296	39.339	42.500	48.426	
3 classes, kappa=0.013   0.000	24.074	27.037	30.714	36.455	37.989	42.540	46.944	
3 classes, kappa=0.020   0.000	23.704	27.037	30.913	36.296	37.963	41.310	47.685	
3 classes, kappa=0.029   0.000	21.111	26.852	30.238	35.952	37.619	40.992	46.667	
3 classes, kappa=0.036   0.000	24.815	28.796	31.667	36.799	39.021	42.063	48.056	
3 classes, kappa=0.037   0.000	24.074	26.296	30.040	35.476	37.011	41.548	48.056	
3 classes, kappa=0.038   0.000	24.074	26.389	30.238	36.032	37.937	40.278	48.889	
3 classes, kappa=0.039   0.000	22.593	28.796	31.548	35.106	38.122	42.500	48.426	
3 classes, kappa=0.041   0.000	21.111	25.741	29.524	34.947	37.222	39.960	46.204	
3 classes, kappa=0.048   0.000	22.963	25.648	28.254	34.312	36.296	38.968	45.833	
3 classes, kappa=0.055   0.000	20.000	25.648	29.008	34.656	36.429	39.722	45.648	
3 classes, kappa=0.065   0.000	21.111	25.648	29.167	33.810	35.741	39.881	46.111	
3 classes, kappa=0.076   0.000	21.481	24.259	29.008	33.757	35.873	39.325	46.574	
3 classes, kappa=0.078   0.000	20.370	23.611	28.214	33.413	35.397	39.643	43.333	
3 classes, kappa=0.082   0.000	19.630	23.333	26.627	32.434	35.238	38.214	43.981	
3 classes, kappa=0.090   0.000	21.481	24.259	27.540	32.116	34.974	38.770	44.259	
3 classes, kappa=0.099   0.000	20.370	24.537	27.302	32.646	35.000	37.222	44.259	
3 classes, kappa=0.109   0.000	20.741	22.407	28.135	32.196	34.444	38.016	43.426	
3 classes, kappa=0.110   0.000	21.111	24.352	28.095	32.434	35.212	38.056	44.444	
3 classes, kappa=0.112   0.000	18.519	22.778	27.381	31.772	33.757	37.619	42.037	
3 classes, kappa=0.117   0.000	21.111	22.037	26.270	31.217	32.566	36.349	43.704	
3 classes, kappa=0.124   0.000	19.259	22.870	26.111	30.794	33.519	35.675	43.611	
3 classes, kappa=0.133   0.000	21.111	22.593	25.437	31.138	32.857	36.389	41.389	
3 classes, kappa=0.143   0.000	20.000	21.944	25.913	31.640	33.201	36.310	41.759	
3 classes, kappa=0.143   0.000	18.889	22.870	26.071	31.111	32.593	36.746	40.833	
3 classes, kappa=0.147   0.000	17.037	21.944	26.111	29.815	32.222	35.556	40.463	
3 classes, kappa=0.152   0.000	17.037	21.759	24.802	30.529	31.614	35.754	40.278	
3 classes, kappa=0.161   0.000	21.852	21.389	25.556	30.159	31.508	35.159	41.296	
3 classes, kappa=0.170   0.000	19.630	21.204	25.238	29.074	31.376	34.683	41.759	
3 classes, kappa=0.181   0.000	19.630	22.963	24.722	29.074	31.561	35.000	40.278	
3 classes, kappa=0.182   0.000	18.519	20.463	23.333	28.995	30.741	33.810	38.889	
3 classes, kappa=0.189   0.000	17.407	21.667	24.960	28.386	30.503	33.571	39.537	
3 classes, kappa=0.194   0.000	17.778	20.648	23.214	27.778	30.212	33.135	38.611	
3 classes, kappa=0.202   0.000	16.296	20.926	23.492	27.804	29.762	33.214	38.519	
3 classes, kappa=0.213   0.000	18.889	20.370	24.206	27.804	30.000	32.500	37.778	
3 classes, kappa=0.216   0.000	15.926	20.278	22.778	26.614	29.788	32.103	39.630	
3 classes, kappa=0.221   0.000	17.778	19.907	22.500	26.376	28.307	32.500	38.704	
3 classes, kappa=0.227   0.000	17.407	19.259	22.381	26.693	28.677	31.706	37.963	
3 classes, kappa=0.236   0.000	17.778	19.352	22.222	27.302	27.963	31.548	35.833	
3 classes, kappa=0.245   0.000	14.815	18.889	21.468	25.952	28.677	30.794	36.296	
3 classes, kappa=0.245   0.000	15.185	18.056	22.302	26.455	28.228	30.833	34.352	
3 classes, kappa=0.247   0.000	17.037	20.278	22.222	26.561	28.571	32.341	34.907	
3 classes, kappa=0.248   0.000	16.296	20.185	22.262	27.328	28.333	31.071	36.944	
3 classes, kappa=0.250   0.000	15.926	18.148	21.548	25.847	27.751	31.508	35.463	
3 classes, kappa=0.254   0.000	16.296	17.407	20.317	25.132	26.481	30.437	37.037	
3 classes, kappa=0.261   0.000	12.963	18.148	21.111	25.185	26.825	30.595	34.444	
3 classes, kappa=0.270   0.000	15.926	17.685	20.714	24.550	26.217	29.841	35.741	
3 classes, kappa=0.282   0.000	14.074	17.963	21.190	25.476	26.481	30.238	36.111	
3 classes, kappa=0.286   0.000	14.444	17.130	19.444	24.444	26.085	28.889	34.259	
3 classes, kappa=0.295   0.000	14.074	17.500	19.683	24.577	25.873	28.413	33.611	
3 classes, kappa=0.303   0.000	14.444	17.037	19.643	24.312	25.794	29.087	33.704	
3 classes, kappa=0.313   0.000	16.667	17.037	20.238	23.836	25.397	28.849	33.333	
3 classes, kappa=0.314   0.000	11.852	17.500	20.476	25.291	25.423	28.968	33.333	
3 classes, kappa=0.316   0.000	14.815	15.741	19.405	23.333	24.815	28.016	32.130	
3 classes, kappa=0.321   0.000	14.815	16.389	19.286	22.751	24.550	27.024	31.574	
3 classes, kappa=0.327   0.000	13.704	16.481	19.167	22.354	24.550	27.183	31.574	
3 classes, kappa=0.337   0.000	14.444	16.852	18.611	23.148	23.836	27.143	30.370	
3 classes, kappa=0.345   0.000	15.926	17.870	19.722	23.942	24.550	27.579	31.667	
3 classes, kappa=0.346   0.000	14.444	18.333	20.397	23.095	25.000	27.659	31.759	
3 classes, kappa=0.347   0.000	12.593	16.667	18.770	22.751	24.444	26.746	30.926	
3 classes, kappa=0.349   0.000	13.704	16.389	19.643	23.069	24.048	26.786	31.852	
3 classes, kappa=0.354   0.000	14.815	16.574	17.778	22.460	23.280	26.746	30.185	
3 classes, kappa=0.363   0.000	13.704	15.741	18.294	21.243	23.677	26.627	30.741	
3 classes, kappa=0.371   0.000	14.444	16.574	18.810	22.249	23.413	25.913	30.278	
3 classes, kappa=0.383   0.000	14.074	16.296	18.254	22.063	23.413	25.397	29.444	
3 classes, kappa=0.384   0.000	12.593	14.259	17.143	20.952	22.778	24.802	29.630	
3 classes, kappa=0.388   0.000	11.852	14.815	17.222	21.005	22.196	24.444	28.241	
3 classes, kappa=0.395   0.000	13.333	14.259	16.786	20.397	21.799	23.611	28.611	
3 classes, kappa=0.405   0.000	13.704	14.815	17.302	20.714	22.063	24.643	27.130	
3 classes, kappa=0.416   0.000	12.963	13.796	16.825	20.370	21.323	23.770	29.259	
3 classes, kappa=0.416   0.000	12.222	14.074	16.944	20.661	21.958	23.849	28.148	
3 classes, kappa=0.419   0.000	12.963	16.019	17.778	20.529	22.275	24.444	28.519	
3 classes, kappa=0.424   0.000	11.481	14.167	17.302	20.000	21.614	23.889	26.759	
3 classes, kappa=0.426   0.000	12.593	13.148	16.389	19.153	21.349	23.373	29.074	
3 classes, kappa=0.431   0.000	10.370	13.241	15.516	19.921	20.423	22.619	26.759	
3 classes, kappa=0.439   0.000	12.222	13.333	15.754	18.968	20.291	22.540	27.500	
3 classes, kappa=0.449   0.000	12.593	14.537	17.103	19.180	20.952	23.056	27.037	
3 classes, kappa=0.450   0.000	11.852	13.796	15.873	19.153	20.212	22.421	25.833	
3 classes, kappa=0.450   0.000	12.222	12.500	16.270	19.365	19.868	22.817	24.630	
3 classes, kappa=0.453   0.000	11.111	12.778	15.198	18.228	19.339	21.905	25.185	
3 classes, kappa=0.459   0.000	11.481	12.593	15.238	16.984	19.259	21.706	25.185	
3 classes, kappa=0.468   0.000	12.593	12.963	14.841	17.884	18.704	20.873	25.185	
3 classes, kappa=0.476   0.000	11.481	10.926	14.881	17.646	18.571	21.429	23.519	
3 classes, kappa=0.486   0.000	11.111	13.796	15.833	18.439	19.127	21.865	24.259	
3 classes, kappa=0.487   0.000	9.630	13.148	14.405	16.958	18.466	20.516	23.333	
3 classes, kappa=0.488   0.000	9.630	12.407	13.810	17.434	18.624	20.159	23.981	
3 classes, kappa=0.491   0.000	10.741	12.407	13.810	16.429	17.513	19.286	24.167	
3 classes, kappa=0.496   0.000	11.111	10.833	13.651	16.693	17.725	19.563	22.593	
3 classes, kappa=0.504   0.000	10.000	11.944	13.294	15.397	16.825	19.127	22.315	
3 classes, kappa=0.513   0.000	9.630	11.944	13.095	15.450	16.958	18.770	23.148	
3 classes, kappa=0.525   0.000	11.852	12.222	14.087	15.767	17.011	19.762	22.130	
3 classes, kappa=0.527   0.000	8.889	10.556	12.698	15.000	16.587	18.690	23.148	
3 classes, kappa=0.532   0.000	10.000	10.648	12.143	14.497	15.952	18.016	19.907	
3 classes, kappa=0.539   0.000	10.741	11.389	12.262	14.788	15.423	17.698	19.722	
3 classes, kappa=0.548   0.000	10.000	10.926	11.627	14.577	15.688	16.944	20.833	
3 classes, kappa=0.554   0.000	11.111	12.685	14.127	16.138	16.667	19.206	21.389	
3 classes, kappa=0.555   0.000	9.630	11.389	12.421	15.317	16.376	17.500	20.000	
3 classes, kappa=0.556   0.000	10.370	10.833	12.698	15.265	16.455	17.698	20.000	
3 classes, kappa=0.559   0.000	8.519	10.926	12.262	14.074	15.423	17.500	19.722	
3 classes, kappa=0.560   0.000	10.000	10.185	12.341	14.577	15.053	17.500	18.889	
3 classes, kappa=0.567   0.000	8.889	10.833	12.341	14.392	15.079	17.341	20.093	
3 classes, kappa=0.577   0.000	10.370	10.463	12.143	14.339	15.450	16.389	20.093	
3 classes, kappa=0.586   0.000	7.037	10.000	12.024	14.206	15.238	16.786	18.611	
3 classes, kappa=0.586   0.000	8.519	10.000	11.786	14.683	14.788	16.389	19.815	
3 classes, kappa=0.586   0.000	5.926	10.000	11.746	14.206	15.291	16.389	18.611	
3 classes, kappa=0.588   0.000	9.630	11.019	12.460	14.683	15.079	17.103	19.630	
3 classes, kappa=0.590   0.000	7.037	9.722	11.786	13.677	14.735	16.508	19.352	
3 classes, kappa=0.594   0.000	7.778	9.630	10.635	12.751	13.862	15.000	18.148	
3 classes, kappa=0.601   0.000	6.667	9.259	10.476	12.513	13.228	14.881	18.426	
3 classes, kappa=0.611   0.000	7.037	8.426	10.119	12.381	13.519	15.198	19.167	
3 classes, kappa=0.622   0.000	6.296	9.167	10.714	12.407	14.101	14.762	17.685	
3 classes, kappa=0.623   0.000	6.296	7.130	9.841	11.693	12.407	14.762	17.963	
3 classes, kappa=0.627   0.000	5.556	8.148	8.929	11.402	11.878	13.968	17.130	
3 classes, kappa=0.635   0.000	5.926	7.685	8.492	10.979	12.222	13.770	16.019	
3 classes, kappa=0.643   0.000	7.037	7.685	9.008	11.243	11.825	13.135	16.389	
3 classes, kappa=0.654   0.000	6.296	7.130	9.563	11.190	11.561	13.175	16.852	
3 classes, kappa=0.655   0.000	7.407	7.500	8.611	11.270	11.772	13.532	16.296	
3 classes, kappa=0.659   0.000	5.926	7.037	9.087	10.265	11.349	13.056	15.278	
3 classes, kappa=0.663   0.000	5.556	7.500	7.738	9.497	10.608	12.659	13.611	
3 classes, kappa=0.671   0.000	4.815	6.944	7.341	9.841	10.952	11.706	13.519	
3 classes, kappa=0.680   0.000	4.815	7.130	7.778	9.656	10.423	11.587	13.704	
3 classes, kappa=0.685   0.000	8.519	8.704	9.643	11.005	11.799	12.778	14.352	
3 classes, kappa=0.687   0.000	6.296	7.315	8.611	10.476	11.111	12.698	13.981	
3 classes, kappa=0.687   0.000	7.407	7.407	8.294	10.450	10.582	11.984	15.185	
3 classes, kappa=0.690   0.000	5.185	6.852	7.302	9.603	10.344	11.865	14.167	
3 classes, kappa=0.691   0.000	4.444	6.667	8.294	9.656	10.370	11.627	14.722	
3 classes, kappa=0.695   0.000	4.815	6.111	7.262	9.206	10.053	11.548	12.593	
3 classes, kappa=0.702   0.000	4.815	6.389	7.063	8.413	9.074	10.516	13.519	
3 classes, kappa=0.712   0.000	5.926	6.204	7.302	8.571	9.630	10.714	13.148	
3 classes, kappa=0.720   0.000	5.926	6.667	8.532	9.524	10.026	11.071	12.593	
3 classes, kappa=0.720   0.000	6.296	7.407	8.651	9.735	10.344	11.270	12.870	
3 classes, kappa=0.722   0.000	4.815	6.574	7.778	8.783	9.471	10.516	12.222	
3 classes, kappa=0.723   0.000	4.815	6.204	7.579	8.942	9.339	10.595	12.500	
3 classes, kappa=0.728   0.000	5.185	5.926	6.746	8.333	9.021	10.119	11.204	
3 classes, kappa=0.736   0.000	4.074	6.389	7.063	8.095	8.889	9.643	11.389	
3 classes, kappa=0.744   0.000	4.815	6.019	6.548	8.254	8.651	8.929	11.389	
3 classes, kappa=0.754   0.000	7.407	7.870	7.421	8.889	9.444	9.524	11.481	
3 classes, kappa=0.755   0.000	5.926	6.019	6.627	8.810	8.862	9.405	10.370	
3 classes, kappa=0.756   0.000	6.296	6.204	7.103	8.095	8.651	9.722	11.574	
3 classes, kappa=0.758   0.000	5.185	5.278	6.270	7.434	8.016	9.405	11.019	
3 classes, kappa=0.764   0.000	4.444	5.000	6.071	7.249	7.751	8.651	9.722	
3 classes, kappa=0.772   0.000	4.444	5.185	5.992	6.799	7.434	8.254	9.444	
3 classes, kappa=0.781   0.000	4.815	5.093	5.595	6.958	7.434	7.698	9.167	
3 classes, kappa=0.788   0.000	5.185	5.648	6.548	7.725	7.831	8.611	9.537	
3 classes, kappa=0.790   0.000	5.556	6.296	7.063	7.672	7.884	8.571	9.444	
3 classes, kappa=0.790   0.000	4.815	4.074	5.556	6.667	7.249	7.778	8.704	
3 classes, kappa=0.792   0.000	4.444	5.278	6.190	6.852	7.222	8.294	8.981	
3 classes, kappa=0.792   0.000	5.185	5.278	5.317	6.799	7.354	7.698	8.519	
3 classes, kappa=0.796   0.000	4.074	5.093	5.000	6.402	6.667	6.944	8.426	
3 classes, kappa=0.804   0.000	4.815	5.093	5.040	5.952	6.587	7.103	8.241	
3 classes, kappa=0.813   0.000	5.926	5.093	4.921	6.032	5.926	6.349	7.870	
3 classes, kappa=0.821   0.000	4.444	5.833	5.913	6.693	6.984	7.262	7.593	
3 classes, kappa=0.824   0.000	6.667	6.759	6.548	6.852	6.958	7.262	7.593	
3 classes, kappa=0.824   0.000	4.444	4.630	5.317	6.058	6.032	7.222	7.407	
3 classes, kappa=0.825   0.000	5.556	5.370	5.754	6.534	6.270	7.103	7.500	
3 classes, kappa=0.829   0.000	4.815	4.815	5.000	5.635	5.661	6.071	6.111	
3 classes, kappa=0.837   0.000	4.074	5.093	4.722	5.185	5.820	5.833	6.204	
3 classes, kappa=0.846   0.000	4.444	5.093	5.198	5.185	5.344	5.873	5.926	
3 classes, kappa=0.857   0.000	4.815	4.630	5.278	5.317	5.344	5.476	6.204	
3 classes, kappa=0.858   0.000	3.704	3.519	4.286	4.709	4.683	5.516	5.370	
3 classes, kappa=0.861   0.000	2.963	2.593	3.373	3.704	4.127	4.762	5.370	
3 classes, kappa=0.867   0.000	2.222	2.870	2.897	3.069	3.651	4.167	4.444	
3 classes, kappa=0.875   0.000	2.963	2.407	2.817	3.254	3.492	3.849	4.630	
3 classes, kappa=0.883   0.000	2.963	2.130	2.817	3.095	3.016	3.651	3.611	
3 classes, kappa=0.894   0.000	2.593	2.593	3.056	3.016	3.148	3.611	3.796	
3 classes, kappa=0.894   0.000	2.963	2.315	3.056	3.122	3.095	3.571	3.889	
3 classes, kappa=0.897   0.000	3.704	3.056	3.333	3.228	3.386	3.492	3.148	
3 classes, kappa=0.899   0.000	1.481	2.407	2.341	2.328	2.672	2.897	2.778	
3 classes, kappa=0.903   0.000	1.852	1.667	1.746	1.852	2.037	2.460	3.056	
3 classes, kappa=0.910   0.000	1.852	1.944	1.706	1.667	1.614	1.865	2.222	
3 classes, kappa=0.919   0.000	1.852	1.389	1.706	1.640	1.614	1.746	2.222	
3 classes, kappa=0.931   0.000	1.481	1.481	1.706	1.614	1.667	1.865	1.944	
3 classes, kappa=0.932   0.000	0.000	0.463	0.516	0.847	0.979	1.190	1.111	
3 classes, kappa=0.936   0.000	0.000	0.000	0.000	0.185	0.423	0.675	1.204	
3 classes, kappa=0.943   0.000	0.000	0.000	0.000	0.000	0.000	0.159	0.648	
3 classes, kappa=0.953   0.000	0.000	0.000	0.000	0.000	0.000	0.000	0.278	
3 classes, kappa=0.964   0.000	0.000	0.000	0.000	0.000	0.000	0.000	0.000	
3 classes, kappa=0.964   0.000	0.000	0.000	0.000	0.000	0.000	0.000	0.000	
3 classes, kappa=0.964   0.000	0.000	0.000	0.000	0.000	0.000	0.000	0.000	
3 classes, kappa=0.968   0.000	0.000	0.000	0.000	0.000	0.000	0.000	0.000	
3 classes, kappa=0.975   0.000	0.000	0.000	0.000	0.000	0.000	0.000	0.000	
3 classes, kappa=0.981   0.000	0.000	0.000	0.000	0.000	0.000	0.000	0.000	
3 classes, kappa=0.989   0.000	0.000	0.000	0.000	0.000	0.000	0.000	0.000	
