2018-05-04.10:39:37

3 classes, kappa=-0.033   0.000	23.333	26.667	31.468	37.116	39.788	44.444	50.741	
3 classes, kappa=-0.030   0.000	22.593	26.389	31.429	36.429	39.233	43.730	49.630	
3 classes, kappa=-0.029   0.000	24.444	26.759	31.310	36.217	39.206	44.484	50.093	
3 classes, kappa=-0.028   0.000	24.444	26.759	31.905	36.720	38.836	44.286	50.926	
3 classes, kappa=-0.027   0.000	23.333	26.296	30.873	36.534	38.122	43.690	50.093	
3 classes, kappa=-0.025   0.000	22.222	25.185	30.556	35.714	39.392	43.611	51.481	
3 classes, kappa=-0.025   0.000	20.370	25.648	30.238	35.450	38.519	44.167	50.093	
3 classes, kappa=-0.023   0.000	22.963	26.574	29.960	35.952	38.783	42.659	50.093	
3 classes, kappa=-0.020   0.000	18.889	24.444	30.873	34.788	38.783	43.889	49.074	
3 classes, kappa=-0.017   0.000	19.259	25.741	29.127	34.841	37.460	41.627	48.889	
3 classes, kappa=-0.015   0.000	20.370	24.444	29.563	35.212	38.386	43.333	48.148	
3 classes, kappa=-0.015   0.000	22.593	23.611	29.246	34.762	37.884	43.294	48.426	
3 classes, kappa=-0.015   0.000	18.148	23.148	26.984	33.810	37.169	41.548	48.241	
3 classes, kappa=-0.014   0.000	17.407	22.222	27.698	33.677	36.349	41.548	51.204	
3 classes, kappa=-0.011   0.000	17.778	20.648	26.587	32.831	35.291	40.595	51.296	
3 classes, kappa=-0.011   0.000	12.222	18.056	23.690	30.635	33.333	39.365	46.296	
3 classes, kappa=-0.010   0.000	17.407	21.944	26.627	32.778	35.212	40.437	48.148	
3 classes, kappa=-0.010   0.000	19.630	23.241	29.206	34.630	37.698	42.460	47.870	
3 classes, kappa=-0.010   0.000	22.593	24.167	29.167	35.026	37.275	41.468	49.722	
3 classes, kappa=-0.010   0.000	14.444	20.741	25.317	31.852	35.079	40.119	46.111	
3 classes, kappa=-0.009   0.000	16.667	17.870	24.246	30.476	34.206	39.802	45.556	
3 classes, kappa=-0.008   0.000	14.074	17.222	22.619	30.820	33.545	40.000	47.500	
3 classes, kappa=-0.008   0.000	17.778	19.352	26.587	32.037	35.529	40.675	46.019	
3 classes, kappa=-0.007   0.000	11.481	16.759	23.016	30.291	33.677	38.849	46.481	
3 classes, kappa=-0.007   0.000	13.704	18.333	24.246	31.190	34.153	40.476	48.889	
3 classes, kappa=-0.007   0.000	20.370	25.556	30.040	36.481	38.968	43.571	49.352	
3 classes, kappa=-0.006   0.000	14.815	17.037	22.659	29.788	33.545	39.246	46.019	
3 classes, kappa=-0.006   0.000	20.000	22.037	29.365	34.127	36.905	42.183	50.278	
3 classes, kappa=-0.006   0.000	22.593	26.296	29.881	36.032	38.228	43.214	50.833	
3 classes, kappa=-0.006   0.000	23.333	26.019	30.238	35.741	38.042	42.937	49.722	
3 classes, kappa=-0.005   0.000	14.815	17.407	24.048	30.873	33.651	39.444	47.037	
3 classes, kappa=-0.005   0.000	23.333	25.093	30.675	35.503	38.704	43.651	49.167	
3 classes, kappa=-0.005   0.000	18.889	22.963	29.048	34.471	37.249	42.817	49.074	
3 classes, kappa=-0.005   0.000	22.222	24.167	28.571	34.683	37.831	42.103	48.611	
3 classes, kappa=-0.005   0.000	22.593	23.148	29.683	34.921	37.910	42.937	49.444	
3 classes, kappa=-0.004   0.000	14.074	17.407	22.500	30.026	32.751	38.175	47.778	
3 classes, kappa=-0.003   0.000	14.444	16.852	24.048	30.344	33.651	39.286	47.037	
3 classes, kappa=-0.003   0.000	12.963	16.574	21.865	29.286	32.937	38.016	45.926	
3 classes, kappa=-0.003   0.000	18.889	23.241	28.492	34.735	37.381	42.579	49.630	
3 classes, kappa=0.002   0.000	14.074	16.944	23.254	30.053	32.989	38.452	46.111	
3 classes, kappa=0.006   0.000	16.296	19.815	24.286	29.921	34.021	39.484	48.056	
3 classes, kappa=0.008   0.000	16.667	17.500	22.540	29.101	33.307	38.373	47.685	
3 classes, kappa=0.011   0.000	16.667	18.519	23.254	29.735	32.407	38.294	47.685	
3 classes, kappa=0.013   0.000	13.704	16.667	22.460	29.762	32.646	37.460	47.130	
3 classes, kappa=0.019   0.000	13.704	16.481	22.738	28.942	32.434	37.579	47.593	
3 classes, kappa=0.023   0.000	14.444	16.204	21.389	28.333	31.429	37.103	46.296	
3 classes, kappa=0.026   0.000	14.074	16.204	20.476	27.910	30.185	36.151	43.889	
3 classes, kappa=0.032   0.000	14.074	15.463	20.833	26.799	30.741	36.071	44.722	
3 classes, kappa=0.037   0.000	13.333	16.296	20.397	27.249	30.053	35.357	44.444	
3 classes, kappa=0.037   0.000	12.963	17.037	20.278	26.508	29.974	35.992	44.815	
3 classes, kappa=0.041   0.000	12.963	14.907	20.278	25.635	29.974	35.357	44.537	
3 classes, kappa=0.046   0.000	11.852	15.278	19.405	25.450	28.942	33.651	43.889	
3 classes, kappa=0.046   0.000	12.963	14.537	18.889	26.349	28.598	34.325	42.685	
3 classes, kappa=0.051   0.000	11.111	14.167	18.651	24.550	28.307	33.810	43.611	
3 classes, kappa=0.057   0.000	10.370	14.167	18.056	24.339	28.386	32.698	42.407	
3 classes, kappa=0.059   0.000	11.852	16.667	19.683	26.296	28.757	33.929	43.981	
3 classes, kappa=0.060   0.000	11.852	14.352	19.087	24.392	28.254	32.897	43.519	
3 classes, kappa=0.062   0.000	12.222	15.926	19.008	25.370	28.228	32.460	41.389	
3 classes, kappa=0.062   0.000	11.111	15.463	19.206	24.735	27.831	33.016	42.685	
3 classes, kappa=0.063   0.000	11.852	14.537	17.619	24.497	27.249	32.619	41.944	
3 classes, kappa=0.069   0.000	12.593	15.093	18.611	24.550	28.439	33.413	42.407	
3 classes, kappa=0.075   0.000	10.000	13.981	18.770	23.810	27.831	32.500	42.130	
3 classes, kappa=0.076   0.000	11.111	12.778	17.302	22.725	27.249	31.746	42.870	
3 classes, kappa=0.085   0.000	7.407	13.056	18.214	23.492	26.852	31.786	41.296	
3 classes, kappa=0.090   0.000	10.000	12.963	16.429	22.249	25.794	30.238	41.481	
3 classes, kappa=0.095   0.000	8.148	13.241	16.587	22.302	25.926	30.516	39.537	
3 classes, kappa=0.102   0.000	9.259	14.167	16.508	22.063	25.476	29.762	41.204	
3 classes, kappa=0.105   0.000	10.741	13.889	17.341	21.376	25.714	30.119	41.019	
3 classes, kappa=0.112   0.000	9.630	13.889	17.262	21.667	25.317	29.921	40.648	
3 classes, kappa=0.116   0.000	11.481	13.519	15.476	21.164	25.132	29.603	40.278	
3 classes, kappa=0.119   0.000	10.000	12.130	15.238	20.741	24.577	29.127	40.556	
3 classes, kappa=0.126   0.000	10.370	12.778	15.040	19.947	24.497	28.571	38.889	
3 classes, kappa=0.129   0.000	11.111	11.759	14.365	19.444	23.439	27.619	38.148	
3 classes, kappa=0.135   0.000	10.000	11.389	14.722	18.069	22.540	27.778	37.870	
3 classes, kappa=0.136   0.000	12.222	13.241	15.952	19.709	24.021	27.937	40.741	
3 classes, kappa=0.137   0.000	10.000	12.778	15.238	19.127	22.989	27.262	37.778	
3 classes, kappa=0.138   0.000	9.630	10.463	14.246	17.804	22.513	26.587	37.037	
3 classes, kappa=0.144   0.000	8.889	10.370	13.849	17.698	22.090	25.913	37.778	
3 classes, kappa=0.144   0.000	9.630	11.111	13.532	18.545	21.481	26.389	38.981	
3 classes, kappa=0.148   0.000	8.519	10.278	13.254	17.116	21.243	26.706	34.907	
3 classes, kappa=0.159   0.000	8.519	9.907	13.095	17.593	21.032	26.587	36.667	
3 classes, kappa=0.167   0.000	8.148	9.167	13.571	17.513	20.899	25.714	36.852	
3 classes, kappa=0.169   0.000	7.037	9.352	11.825	16.720	20.476	25.000	37.500	
3 classes, kappa=0.177   0.000	8.519	9.167	12.421	16.640	20.529	24.722	36.574	
3 classes, kappa=0.186   0.000	5.926	8.796	11.984	16.111	20.635	24.444	35.093	
3 classes, kappa=0.188   0.000	5.185	8.056	10.873	15.847	19.524	24.722	34.722	
3 classes, kappa=0.194   0.000	5.556	8.148	10.476	15.079	18.995	23.333	35.556	
3 classes, kappa=0.199   0.000	5.926	8.889	10.833	14.180	18.810	23.413	32.315	
3 classes, kappa=0.204   0.000	5.185	8.148	10.675	14.048	18.254	22.817	33.056	
3 classes, kappa=0.208   0.000	5.185	6.944	9.484	13.307	17.275	22.540	34.444	
3 classes, kappa=0.215   0.000	5.185	6.759	9.563	13.571	17.169	21.786	34.444	
3 classes, kappa=0.217   0.000	4.074	6.389	8.095	12.725	16.190	20.992	34.722	
3 classes, kappa=0.218   0.000	3.333	5.370	7.579	11.693	15.847	20.913	32.593	
3 classes, kappa=0.222   0.000	1.481	4.074	6.825	11.349	15.317	19.762	31.759	
3 classes, kappa=0.226   0.000	1.852	4.167	5.992	10.000	14.656	19.643	31.111	
3 classes, kappa=0.229   0.000	1.111	3.333	5.079	9.656	14.153	18.889	30.741	
3 classes, kappa=0.232   0.000	0.000	2.963	4.841	8.995	13.757	18.413	30.648	
3 classes, kappa=0.239   0.000	0.000	2.500	4.365	8.466	13.466	17.857	30.000	
3 classes, kappa=0.244   0.000	0.000	2.778	3.849	7.937	12.540	17.302	29.444	
3 classes, kappa=0.252   0.000	0.000	2.315	3.730	8.307	12.460	17.302	29.352	
3 classes, kappa=0.260   0.000	0.000	2.315	3.730	7.698	12.566	16.429	29.352	
3 classes, kappa=0.268   0.000	0.000	3.148	3.810	7.725	11.878	16.825	28.056	
3 classes, kappa=0.277   0.000	0.000	2.315	4.048	7.302	11.429	16.548	29.907	
3 classes, kappa=0.284   0.000	0.000	2.130	3.651	6.958	12.831	15.992	27.685	
3 classes, kappa=0.293   0.000	0.000	1.852	3.452	6.931	12.143	15.516	29.537	
3 classes, kappa=0.299   0.000	0.000	2.037	3.690	6.587	11.534	15.317	25.648	
3 classes, kappa=0.308   0.000	0.000	1.852	3.690	6.693	10.582	14.563	28.519	
3 classes, kappa=0.315   0.000	0.000	1.481	3.452	6.640	11.111	14.405	28.241	
3 classes, kappa=0.325   0.000	0.000	1.852	3.968	6.640	10.688	14.325	26.296	
3 classes, kappa=0.331   0.000	0.000	1.296	3.810	6.481	10.238	14.008	26.481	
3 classes, kappa=0.336   0.000	0.000	1.389	3.016	5.529	9.444	13.413	26.667	
3 classes, kappa=0.340   0.000	0.000	1.019	2.302	5.053	9.286	12.460	26.481	
3 classes, kappa=0.344   0.000	0.000	0.278	1.905	4.180	8.651	11.984	24.074	
3 classes, kappa=0.350   0.000	0.000	0.741	1.786	4.153	8.360	11.508	23.241	
3 classes, kappa=0.357   0.000	0.000	0.556	1.667	3.598	8.122	11.071	25.370	
3 classes, kappa=0.362   0.000	0.000	0.370	1.190	3.333	7.354	10.873	21.296	
3 classes, kappa=0.366   0.000	0.000	0.000	0.913	3.175	6.958	9.841	24.537	
3 classes, kappa=0.373   0.000	0.000	0.000	0.754	2.487	6.402	10.079	23.704	
3 classes, kappa=0.383   0.000	0.000	0.000	0.913	2.619	6.032	9.683	22.963	
3 classes, kappa=0.391   0.000	0.000	0.000	0.992	2.381	6.323	9.722	22.593	
3 classes, kappa=0.400   0.000	0.000	0.000	0.794	2.460	6.164	9.127	22.037	
3 classes, kappa=0.407   0.000	0.000	0.000	0.913	2.275	5.635	8.452	21.389	
3 classes, kappa=0.415   0.000	0.000	0.000	0.833	2.143	5.291	8.452	21.481	
3 classes, kappa=0.423   0.000	0.000	0.000	0.595	1.958	4.921	7.698	20.648	
3 classes, kappa=0.429   0.000	0.000	0.000	0.476	1.825	4.868	7.421	21.019	
3 classes, kappa=0.440   0.000	0.000	0.000	0.516	1.746	4.683	7.857	20.093	
3 classes, kappa=0.449   0.000	0.000	0.000	0.476	1.587	4.286	7.143	19.722	
3 classes, kappa=0.458   0.000	0.000	0.000	0.397	1.799	4.074	7.103	19.907	
3 classes, kappa=0.464   0.000	0.000	0.000	0.000	1.111	3.862	6.786	20.926	
3 classes, kappa=0.471   0.000	0.000	0.000	0.000	1.243	3.651	6.032	18.889	
3 classes, kappa=0.478   0.000	0.000	0.000	0.000	1.032	3.175	6.230	18.426	
3 classes, kappa=0.486   0.000	0.000	0.000	0.000	0.741	3.201	5.794	20.093	
3 classes, kappa=0.493   0.000	0.000	0.000	0.000	0.556	2.619	5.079	17.685	
3 classes, kappa=0.500   0.000	0.000	0.000	0.000	0.503	2.328	5.040	16.852	
3 classes, kappa=0.510   0.000	0.000	0.000	0.000	0.423	2.354	4.921	16.204	
3 classes, kappa=0.517   0.000	0.000	0.000	0.000	0.212	2.222	4.286	16.574	
3 classes, kappa=0.525   0.000	0.000	0.000	0.000	0.212	1.931	3.889	16.574	
3 classes, kappa=0.532   0.000	0.000	0.000	0.000	0.000	1.429	3.175	16.944	
3 classes, kappa=0.543   0.000	0.000	0.000	0.000	0.000	1.323	3.810	16.481	
3 classes, kappa=0.551   0.000	0.000	0.000	0.000	0.000	1.138	3.690	15.278	
3 classes, kappa=0.560   0.000	0.000	0.000	0.000	0.000	1.005	3.373	16.389	
3 classes, kappa=0.570   0.000	0.000	0.000	0.000	0.000	1.296	2.659	15.000	
3 classes, kappa=0.581   0.000	0.000	0.000	0.000	0.000	1.032	2.976	12.222	
3 classes, kappa=0.589   0.000	0.000	0.000	0.000	0.000	0.661	2.817	12.685	
3 classes, kappa=0.600   0.000	0.000	0.000	0.000	0.000	0.873	2.778	13.611	
3 classes, kappa=0.608   0.000	0.000	0.000	0.000	0.000	0.503	2.460	12.963	
3 classes, kappa=0.618   0.000	0.000	0.000	0.000	0.000	0.503	2.143	13.056	
3 classes, kappa=0.626   0.000	0.000	0.000	0.000	0.000	0.291	1.865	13.148	
3 classes, kappa=0.636   0.000	0.000	0.000	0.000	0.000	0.291	1.825	12.222	
3 classes, kappa=0.646   0.000	0.000	0.000	0.000	0.000	0.291	1.587	12.500	
3 classes, kappa=0.655   0.000	0.000	0.000	0.000	0.000	0.265	1.349	12.037	
3 classes, kappa=0.665   0.000	0.000	0.000	0.000	0.000	0.185	1.310	10.741	
3 classes, kappa=0.673   0.000	0.000	0.000	0.000	0.000	0.000	0.635	10.741	
3 classes, kappa=0.683   0.000	0.000	0.000	0.000	0.000	0.000	0.833	10.463	
3 classes, kappa=0.693   0.000	0.000	0.000	0.000	0.000	0.000	0.635	10.370	
3 classes, kappa=0.703   0.000	0.000	0.000	0.000	0.000	0.000	0.476	7.963	
3 classes, kappa=0.712   0.000	0.000	0.000	0.000	0.000	0.000	0.238	9.444	
3 classes, kappa=0.722   0.000	0.000	0.000	0.000	0.000	0.000	0.000	10.000	
3 classes, kappa=0.733   0.000	0.000	0.000	0.000	0.000	0.000	0.000	8.611	
3 classes, kappa=0.744   0.000	0.000	0.000	0.000	0.000	0.000	0.000	7.963	
3 classes, kappa=0.756   0.000	0.000	0.000	0.000	0.000	0.000	0.000	9.074	
3 classes, kappa=0.767   0.000	0.000	0.000	0.000	0.000	0.000	0.000	8.519	
3 classes, kappa=0.778   0.000	0.000	0.000	0.000	0.000	0.000	0.000	8.426	
3 classes, kappa=0.789   0.000	0.000	0.000	0.000	0.000	0.000	0.000	5.741	
3 classes, kappa=0.800   0.000	0.000	0.000	0.000	0.000	0.000	0.000	6.944	
3 classes, kappa=0.811   0.000	0.000	0.000	0.000	0.000	0.000	0.000	7.222	
3 classes, kappa=0.822   0.000	0.000	0.000	0.000	0.000	0.000	0.000	6.852	
3 classes, kappa=0.833   0.000	0.000	0.000	0.000	0.000	0.000	0.000	6.019	
3 classes, kappa=0.844   0.000	0.000	0.000	0.000	0.000	0.000	0.000	6.296	
3 classes, kappa=0.856   0.000	0.000	0.000	0.000	0.000	0.000	0.000	4.444	
3 classes, kappa=0.867   0.000	0.000	0.000	0.000	0.000	0.000	0.000	4.444	
3 classes, kappa=0.878   0.000	0.000	0.000	0.000	0.000	0.000	0.000	4.630	
3 classes, kappa=0.889   0.000	0.000	0.000	0.000	0.000	0.000	0.000	3.796	
3 classes, kappa=0.900   0.000	0.000	0.000	0.000	0.000	0.000	0.000	3.611	
3 classes, kappa=0.911   0.000	0.000	0.000	0.000	0.000	0.000	0.000	3.426	
3 classes, kappa=0.922   0.000	0.000	0.000	0.000	0.000	0.000	0.000	3.056	
3 classes, kappa=0.933   0.000	0.000	0.000	0.000	0.000	0.000	0.000	1.944	
3 classes, kappa=0.944   0.000	0.000	0.000	0.000	0.000	0.000	0.000	1.944	
3 classes, kappa=0.956   0.000	0.000	0.000	0.000	0.000	0.000	0.000	1.481	
3 classes, kappa=0.967   0.000	0.000	0.000	0.000	0.000	0.000	0.000	0.833	
3 classes, kappa=0.978   0.000	0.000	0.000	0.000	0.000	0.000	0.000	0.833	
3 classes, kappa=0.989   0.000	0.000	0.000	0.000	0.000	0.000	0.000	0.370	
3 classes, kappa=1.000   0.000	0.000	0.000	0.000	0.000	0.000	0.000	0.000	
