2018-05-02.11:40:05

5 classes, kappa=0.177   0.000	9.581	12.419	16.865	21.567	26.087	30.426	38.990	
5 classes, kappa=0.188   0.000	9.813	12.287	16.006	18.694	23.474	26.799	35.746	
5 classes, kappa=0.239   0.000	8.759	11.172	15.476	17.379	21.909	25.565	33.556	
5 classes, kappa=0.248   0.000	7.166	9.823	14.708	17.518	22.038	26.104	35.829	
5 classes, kappa=0.258   0.000	10.138	11.638	16.215	18.167	22.500	25.834	34.590	
5 classes, kappa=0.286   0.000	8.883	11.400	15.082	17.545	21.019	24.349	33.167	
5 classes, kappa=0.297   0.000	6.602	8.555	12.673	15.752	20.836	24.776	34.138	
5 classes, kappa=0.427   0.000	7.673	9.300	11.911	14.216	17.916	21.304	29.773	
5 classes, kappa=0.447   0.000	6.937	8.656	11.497	13.536	17.000	20.133	29.389	
5 classes, kappa=0.451   0.000	9.576	11.065	14.273	15.575	19.311	21.547	29.972	
5 classes, kappa=0.462   0.000	6.716	8.501	11.604	13.653	16.915	19.754	28.541	
5 classes, kappa=0.514   0.000	4.823	6.502	9.851	11.857	15.433	17.648	25.641	
5 classes, kappa=0.516   0.000	5.861	7.418	10.263	12.145	15.053	17.609	25.290	
