2018-05-13.10:35:17

3 classes, kappa=0.248   0.000	7.867	9.266	13.408	14.419	20.229	21.602	30.251	
3 classes, kappa=0.273   0.000	6.683	7.750	13.363	14.165	20.227	21.472	29.952	
3 classes, kappa=0.323   0.000	6.732	8.232	12.348	13.052	18.074	19.282	28.082	
3 classes, kappa=0.335   0.000	8.759	9.002	13.243	13.956	18.717	20.030	28.487	
3 classes, kappa=0.359   0.000	4.750	5.656	10.007	10.904	16.534	17.607	27.033	
3 classes, kappa=0.423   0.000	5.153	5.938	9.170	10.271	14.504	16.227	24.477	
3 classes, kappa=0.557   0.000	4.481	5.632	7.176	8.594	10.458	11.800	18.247	
3 classes, kappa=0.571   0.000	3.114	4.319	5.684	6.934	8.386	9.884	16.148	
3 classes, kappa=0.598   0.000	2.947	4.328	5.624	6.954	8.581	9.846	15.792	
3 classes, kappa=0.600   0.000	5.463	6.108	7.577	8.235	9.989	10.741	15.945	
3 classes, kappa=0.611   0.000	3.419	4.243	5.449	7.130	8.691	9.870	15.247	
3 classes, kappa=0.655   0.000	2.503	3.358	4.958	5.944	7.662	8.759	13.080	
5 classes, kappa=0.177   0.000	9.662	12.339	17.081	21.791	26.127	30.021	39.050	
5 classes, kappa=0.188   0.000	8.435	11.963	15.963	18.926	23.491	26.929	35.138	
5 classes, kappa=0.239   0.000	9.895	11.273	15.676	17.362	22.043	25.461	34.712	
5 classes, kappa=0.248   0.000	6.763	9.903	14.493	17.357	22.032	26.001	35.769	
5 classes, kappa=0.258   0.000	8.921	12.145	16.519	18.851	23.439	26.582	36.091	
5 classes, kappa=0.286   0.000	8.941	11.444	15.005	17.535	21.189	24.371	33.977	
5 classes, kappa=0.297   0.000	6.361	8.494	13.182	15.729	20.796	24.905	34.944	
5 classes, kappa=0.427   0.000	7.366	9.515	12.089	14.299	17.829	21.343	30.110	
5 classes, kappa=0.447   0.000	6.446	8.640	11.589	13.532	17.425	20.225	29.113	
5 classes, kappa=0.451   0.000	10.129	11.510	14.694	16.320	20.025	22.310	29.773	
5 classes, kappa=0.462   0.000	6.105	8.639	11.460	13.658	17.033	20.009	27.946	
5 classes, kappa=0.514   0.000	5.433	6.914	9.857	11.813	15.507	17.766	25.656	
5 classes, kappa=0.516   0.000	6.716	7.753	10.315	12.188	15.219	17.864	25.763	
