3 classes, kappa=0.248   0.000	0.000	0.000	0.000	0.000	26.353	30.692	34.307	
3 classes, kappa=0.273   0.000	0.000	0.000	0.000	0.000	25.173	27.407	31.019	
3 classes, kappa=0.323   0.000	0.000	0.000	0.000	0.000	32.685	42.510	46.756	
3 classes, kappa=0.335   0.000	0.000	0.000	0.000	0.000	34.532	35.680	36.618	
3 classes, kappa=0.359   0.000	0.000	0.000	0.000	0.000	35.967	43.254	47.041	
3 classes, kappa=0.423   0.000	0.000	0.000	0.000	0.000	27.496	34.213	32.931	
3 classes, kappa=0.557   0.000	0.000	0.000	0.000	0.000	18.899	22.731	25.537	
3 classes, kappa=0.571   0.000	0.000	0.000	0.000	0.000	15.119	17.517	28.755	
3 classes, kappa=0.598   0.000	0.000	0.000	0.000	0.000	15.097	17.535	28.530	
3 classes, kappa=0.600   0.000	0.000	0.000	0.000	0.000	13.426	17.430	25.107	
3 classes, kappa=0.611   0.000	0.000	0.000	0.000	0.000	15.310	12.513	18.422	
3 classes, kappa=0.655   0.000	0.000	0.000	0.000	0.000	11.839	11.957	21.947	

5 classes, kappa=0.177   0.000	0.000	0.000	0.000	0.000	35.841	38.233	49.134	
5 classes, kappa=0.188   0.000	0.000	0.000	0.000	0.000	31.329	33.664	44.242	
5 classes, kappa=0.239   0.000	0.000	0.000	0.000	0.000	30.941	38.738	40.977	
5 classes, kappa=0.248   0.000	0.000	0.000	0.000	0.000	36.008	45.195	47.806	
5 classes, kappa=0.258   0.000	0.000	0.000	0.000	0.000	30.929	30.553	36.334	
5 classes, kappa=0.286   0.000	0.000	0.000	0.000	0.000	33.916	39.518	47.070	
5 classes, kappa=0.297   0.000	0.000	0.000	0.000	0.000	34.639	41.986	44.223	
5 classes, kappa=0.427   0.000	0.000	0.000	0.000	0.000	30.987	33.616	44.813	
5 classes, kappa=0.447   0.000	0.000	0.000	0.000	0.000	24.612	30.926	39.871	
5 classes, kappa=0.451   0.000	0.000	0.000	0.000	0.000	26.037	29.683	37.431	
5 classes, kappa=0.462   0.000	0.000	0.000	0.000	0.000	23.914	25.281	39.896	
5 classes, kappa=0.514   0.000	0.000	0.000	0.000	0.000	23.958	26.478	35.119	
5 classes, kappa=0.516   0.000	0.000	0.000	0.000	0.000	23.840	26.033	36.065	
