2018-05-18.10:07:55

3 classes, kappa=0.400   0.000	3.008	3.913	5.887	7.397	10.173	11.839	20.381	
3 classes, kappa=0.413   0.000	4.604	5.387	6.630	8.011	10.471	11.878	20.319	
3 classes, kappa=0.414   0.000	3.622	3.760	5.952	7.318	9.783	11.240	19.460	
3 classes, kappa=0.416   0.000	3.008	3.745	5.998	6.810	9.888	11.023	20.212	
3 classes, kappa=0.422   0.000	4.052	5.095	7.024	7.928	10.598	11.622	19.843	
3 classes, kappa=0.425   0.000	2.701	3.545	5.650	6.621	8.954	10.372	19.337	
3 classes, kappa=0.429   0.000	3.990	4.435	6.156	6.950	9.046	10.478	18.984	
3 classes, kappa=0.432   0.000	3.806	4.128	5.485	6.875	9.015	10.425	18.478	
3 classes, kappa=0.432   0.000	2.762	2.993	4.630	5.560	8.191	9.465	18.999	
3 classes, kappa=0.432   0.000	3.745	4.758	6.183	7.239	9.918	10.997	19.091	
3 classes, kappa=0.432   0.000	2.210	3.146	4.893	6.034	8.805	10.050	18.293	
3 classes, kappa=0.434   0.000	3.745	4.374	6.150	6.805	9.717	10.543	18.539	
3 classes, kappa=0.442   0.000	2.947	3.177	5.334	6.459	8.932	10.116	19.230	
3 classes, kappa=0.442   0.000	2.271	2.839	4.091	5.244	7.866	9.024	18.539	
3 classes, kappa=0.443   0.000	5.463	5.556	7.149	7.559	10.291	10.813	18.861	
3 classes, kappa=0.448   0.000	1.903	2.532	4.348	5.411	8.647	9.517	17.603	
3 classes, kappa=0.451   0.000	2.455	3.238	4.854	5.805	8.489	9.616	18.907	
3 classes, kappa=0.456   0.000	2.578	3.791	5.663	6.621	9.098	10.122	18.508	
3 classes, kappa=0.456   0.000	1.412	2.455	3.907	5.143	7.713	9.491	17.818	
3 classes, kappa=0.459   0.000	3.376	4.543	5.735	6.792	9.305	10.747	18.754	
3 classes, kappa=0.462   0.000	2.578	2.578	4.328	5.266	8.055	9.228	18.109	
3 classes, kappa=0.462   0.000	1.964	3.039	4.242	5.428	7.928	9.261	17.449	
3 classes, kappa=0.468   0.000	2.333	3.545	5.433	6.472	8.616	9.879	17.741	
3 classes, kappa=0.476   0.000	2.394	2.716	4.229	5.130	7.375	8.623	17.004	
3 classes, kappa=0.480   0.000	2.455	3.591	4.709	5.472	7.744	8.952	16.974	
3 classes, kappa=0.480   0.000	1.719	2.241	3.525	4.622	6.963	8.070	16.436	
3 classes, kappa=0.487   0.000	3.131	3.729	4.867	5.499	7.739	8.794	16.559	
3 classes, kappa=0.493   0.000	2.087	2.225	3.769	4.797	7.695	8.715	16.483	
3 classes, kappa=0.493   0.000	1.289	2.210	3.091	3.955	6.336	7.432	17.327	
3 classes, kappa=0.497   0.000	2.455	3.330	4.374	5.235	7.700	8.873	16.835	
3 classes, kappa=0.501   0.000	2.640	3.207	4.104	5.157	7.077	8.353	16.498	
3 classes, kappa=0.506   0.000	2.210	2.916	4.045	4.863	7.371	8.300	16.467	
3 classes, kappa=0.506   0.000	3.192	4.220	5.314	6.091	8.555	9.412	16.375	
3 classes, kappa=0.507   0.000	1.657	2.210	3.315	3.898	6.148	7.189	15.976	
3 classes, kappa=0.509   0.000	2.087	2.716	3.913	4.499	6.731	7.676	15.531	
3 classes, kappa=0.513   0.000	3.069	3.683	5.051	6.139	8.200	9.432	16.360	
3 classes, kappa=0.518   0.000	4.236	3.668	5.124	5.810	7.656	9.188	16.053	
3 classes, kappa=0.520   0.000	1.780	2.241	3.243	4.205	6.130	7.123	16.237	
3 classes, kappa=0.528   0.000	2.149	2.762	3.696	4.714	6.731	8.222	15.746	
3 classes, kappa=0.529   0.000	2.026	2.701	3.854	4.727	6.783	7.991	15.715	
3 classes, kappa=0.535   0.000	1.903	2.563	4.111	4.867	7.182	8.103	15.592	
3 classes, kappa=0.536   0.000	2.824	3.330	4.775	5.178	7.309	8.228	15.147	
3 classes, kappa=0.538   0.000	3.131	3.545	4.433	4.968	7.068	7.893	15.101	
3 classes, kappa=0.543   0.000	1.596	2.133	3.275	4.095	6.253	7.209	14.871	
3 classes, kappa=0.549   0.000	3.008	3.207	4.315	4.762	6.371	7.564	14.963	
3 classes, kappa=0.553   0.000	2.087	2.716	3.973	4.639	6.612	7.689	14.748	
3 classes, kappa=0.556   0.000	1.105	1.304	2.322	3.148	4.718	5.854	13.521	
3 classes, kappa=0.568   0.000	1.657	2.732	3.795	4.459	6.428	7.255	13.981	
3 classes, kappa=0.569   0.000	2.455	3.008	3.769	4.626	6.485	7.472	14.088	
3 classes, kappa=0.581   0.000	1.105	1.627	2.986	3.490	5.608	6.577	14.518	
3 classes, kappa=0.592   0.000	1.105	1.519	2.684	3.372	5.358	6.123	13.029	
3 classes, kappa=0.600   0.000	1.228	1.826	2.598	3.490	4.929	5.979	13.521	
3 classes, kappa=0.605   0.000	0.982	1.028	1.605	2.258	4.223	5.025	13.152	
3 classes, kappa=0.606   0.000	0.307	0.660	1.539	2.157	4.126	4.913	11.786	
3 classes, kappa=0.607   0.000	1.289	1.473	2.361	2.758	4.398	5.459	12.861	
3 classes, kappa=0.609   0.000	2.149	2.317	3.302	3.999	5.485	6.209	13.505	
3 classes, kappa=0.610   0.000	1.044	1.673	2.802	3.503	5.029	6.209	12.462	
3 classes, kappa=0.616   0.000	1.535	1.980	2.664	3.372	4.652	5.676	12.247	
3 classes, kappa=0.617   0.000	2.394	2.302	3.611	3.775	5.385	6.189	12.937	
3 classes, kappa=0.625   0.000	0.859	1.366	2.059	2.412	3.753	4.657	11.418	
3 classes, kappa=0.632   0.000	1.228	1.596	2.440	2.833	4.670	5.367	11.510	
3 classes, kappa=0.641   0.000	1.166	1.412	2.131	2.605	3.824	4.696	11.664	
3 classes, kappa=0.644   0.000	1.228	1.473	1.980	2.455	3.867	4.578	10.758	
3 classes, kappa=0.657   0.000	1.351	1.765	2.105	2.512	3.653	4.453	10.758	
3 classes, kappa=0.665   0.000	0.552	0.691	1.493	2.109	3.688	4.742	10.374	
3 classes, kappa=0.676   0.000	0.552	0.721	1.217	1.811	3.188	4.150	10.006	
3 classes, kappa=0.677   0.000	1.351	1.673	2.039	2.556	3.845	4.473	9.975	
3 classes, kappa=0.689   0.000	0.368	0.706	1.158	1.473	2.692	3.368	10.482	
3 classes, kappa=0.695   0.000	0.246	0.583	1.230	1.495	2.780	3.624	9.791	
3 classes, kappa=0.702   0.000	0.798	0.829	1.519	1.903	3.258	3.966	9.055	
3 classes, kappa=0.702   0.000	0.552	0.905	1.184	1.579	2.736	3.479	8.963	
3 classes, kappa=0.710   0.000	0.184	0.445	0.730	1.079	2.464	2.979	9.500	
3 classes, kappa=0.728   0.000	0.491	0.430	0.987	1.280	2.284	2.979	8.640	
3 classes, kappa=0.737   0.000	1.044	1.136	1.408	1.824	2.977	3.571	8.441	
3 classes, kappa=0.738   0.000	0.184	0.276	0.664	0.807	1.745	2.302	8.180	
3 classes, kappa=0.744   0.000	0.000	0.107	0.099	0.381	1.298	2.052	7.704	
3 classes, kappa=0.759   0.000	0.000	0.092	0.158	0.504	1.504	1.848	7.228	
3 classes, kappa=0.760   0.000	0.123	0.215	0.704	0.785	1.807	2.164	7.228	
3 classes, kappa=0.761   0.000	0.000	0.322	0.513	0.816	1.710	2.289	7.198	
3 classes, kappa=0.764   0.000	0.368	0.353	0.908	1.052	1.837	2.217	7.014	
3 classes, kappa=0.787   0.000	0.000	0.046	0.283	0.399	1.149	1.513	6.492	
3 classes, kappa=0.790   0.000	0.184	0.153	0.296	0.403	1.136	1.572	6.430	
3 classes, kappa=0.800   0.000	0.307	0.307	0.625	0.693	1.491	1.789	5.909	
3 classes, kappa=0.805   0.000	0.000	0.000	0.283	0.500	1.237	1.342	5.417	
3 classes, kappa=0.828   0.000	0.000	0.000	0.079	0.096	0.824	0.967	4.972	
3 classes, kappa=0.834   0.000	0.000	0.000	0.059	0.175	0.601	0.848	5.064	
3 classes, kappa=0.837   0.000	0.000	0.000	0.086	0.162	0.645	0.914	4.819	
3 classes, kappa=0.854   0.000	0.000	0.000	0.000	0.070	0.513	0.710	4.251	
3 classes, kappa=0.857   0.000	0.123	0.153	0.270	0.294	0.658	0.816	4.266	
3 classes, kappa=0.872   0.000	0.000	0.000	0.079	0.088	0.412	0.513	3.653	
3 classes, kappa=0.887   0.000	0.000	0.000	0.000	0.000	0.118	0.270	3.177	
3 classes, kappa=0.891   0.000	0.000	0.000	0.125	0.132	0.671	0.677	3.131	
3 classes, kappa=0.907   0.000	0.184	0.153	0.342	0.329	0.522	0.566	2.732	
3 classes, kappa=0.916   0.000	0.000	0.000	0.000	0.000	0.110	0.204	2.241	
3 classes, kappa=0.919   0.000	0.000	0.000	0.000	0.000	0.167	0.178	2.210	
3 classes, kappa=0.933   0.000	0.000	0.000	0.000	0.000	0.162	0.178	2.195	
3 classes, kappa=0.958   0.000	0.000	0.000	0.000	0.000	0.000	0.013	1.182	
3 classes, kappa=0.963   0.000	0.000	0.000	0.000	0.000	0.000	0.125	0.921	
3 classes, kappa=0.980   0.000	0.000	0.000	0.000	0.000	0.000	0.000	0.491	
3 classes, kappa=1.000   0.000	0.000	0.000	0.000	0.000	0.000	0.000	0.000	
