2018-05-22.02:16:33

3 classes, kappa=0.000   0.000	13.187	16.545	21.209	25.667	29.417	34.416	42.931	
3 classes, kappa=0.050   0.000	12.032	15.107	19.287	23.445	27.102	31.775	40.377	
3 classes, kappa=0.100   0.000	9.988	12.741	16.460	20.159	23.696	27.973	36.871	
3 classes, kappa=0.150   0.000	8.775	11.241	14.603	17.954	21.327	25.218	33.994	
3 classes, kappa=0.200   0.000	7.655	9.651	12.666	15.632	18.834	22.320	31.019	
3 classes, kappa=0.250   0.000	6.772	8.528	11.166	13.779	16.804	19.832	28.353	
3 classes, kappa=0.300   0.000	5.883	7.557	9.938	12.212	15.066	17.796	26.159	
3 classes, kappa=0.350   0.000	5.025	6.464	8.644	10.624	13.389	15.765	23.992	
3 classes, kappa=0.400   0.000	4.277	5.472	7.447	9.131	11.754	13.818	21.702	
3 classes, kappa=0.450   0.000	3.644	4.715	6.396	7.854	10.251	12.053	19.646	
3 classes, kappa=0.500   0.000	2.924	3.728	5.213	6.425	8.588	10.152	17.454	
3 classes, kappa=0.550   0.000	2.330	3.003	4.246	5.242	7.219	8.525	15.473	
3 classes, kappa=0.600   0.000	1.737	2.241	3.209	4.016	5.738	6.854	13.331	
3 classes, kappa=0.650   0.000	1.169	1.596	2.371	2.977	4.427	5.316	11.195	
3 classes, kappa=0.700   0.000	0.725	1.008	1.548	1.979	3.136	3.835	9.289	
3 classes, kappa=0.750   0.000	0.471	0.630	0.976	1.238	2.130	2.617	7.361	
3 classes, kappa=0.800   0.000	0.192	0.273	0.491	0.677	1.328	1.713	5.654	
3 classes, kappa=0.850   0.000	0.092	0.134	0.218	0.311	0.677	0.898	3.914	
3 classes, kappa=0.900   0.000	0.016	0.021	0.052	0.076	0.210	0.322	2.262	
3 classes, kappa=0.950   0.000	0.000	0.000	0.000	0.001	0.026	0.054	0.971	
10 classes, kappa=0.000   0.000	1.571	1.339	1.440	1.573	1.505	1.406	1.195	
10 classes, kappa=0.050   0.000	1.755	1.817	1.892	2.010	1.907	1.905	1.606	
10 classes, kappa=0.100   0.000	1.698	1.709	1.792	1.896	1.873	1.932	1.777	
10 classes, kappa=0.150   0.000	1.526	1.534	1.565	1.627	1.529	1.598	1.428	
10 classes, kappa=0.200   0.000	1.398	1.363	1.426	1.451	1.389	1.431	1.274	
10 classes, kappa=0.250   0.000	1.234	1.233	1.264	1.353	1.293	1.326	1.286	
10 classes, kappa=0.300   0.000	1.197	1.134	1.166	1.193	1.175	1.203	1.111	
10 classes, kappa=0.350   0.000	0.929	0.934	1.011	0.963	0.966	0.994	0.953	
10 classes, kappa=0.400   0.000	0.937	0.884	0.908	0.908	0.872	0.844	0.814	
10 classes, kappa=0.450   0.000	0.909	0.823	0.848	0.853	0.840	0.846	0.876	
10 classes, kappa=0.500   0.000	0.781	0.753	0.790	0.794	0.800	0.848	0.786	
10 classes, kappa=0.550   0.000	0.768	0.670	0.708	0.708	0.707	0.700	0.697	
10 classes, kappa=0.600   0.000	0.588	0.600	0.678	0.675	0.741	0.703	0.679	
10 classes, kappa=0.650   0.000	0.556	0.519	0.586	0.595	0.621	0.627	0.709	
10 classes, kappa=0.700   0.000	0.436	0.465	0.543	0.558	0.642	0.634	0.615	
10 classes, kappa=0.750   0.000	0.397	0.405	0.475	0.493	0.557	0.560	0.651	
10 classes, kappa=0.800   0.000	0.221	0.234	0.285	0.315	0.359	0.399	0.569	
10 classes, kappa=0.850   0.000	0.146	0.168	0.207	0.225	0.315	0.345	0.481	
10 classes, kappa=0.900   0.000	0.055	0.058	0.084	0.101	0.145	0.185	0.464	
10 classes, kappa=0.950   0.000	0.000	0.000	0.000	0.005	0.043	0.053	0.326	
