2018-05-22.13:17:15

5 classes, kappa=0.000   0.000	12.590	16.454	20.884	24.953	29.118	33.777	44.802	
5 classes, kappa=0.050   0.000	10.276	13.538	17.441	21.006	25.024	29.118	40.430	
5 classes, kappa=0.100   0.000	9.416	12.252	15.731	18.911	22.562	26.157	37.089	
5 classes, kappa=0.150   0.000	8.555	11.175	14.377	17.341	20.666	23.986	34.166	
5 classes, kappa=0.200   0.000	7.849	10.165	13.107	15.800	18.901	21.905	31.466	
5 classes, kappa=0.250   0.000	6.973	9.092	11.784	14.236	17.165	19.978	29.046	
5 classes, kappa=0.300   0.000	6.355	8.251	10.773	12.942	15.720	18.302	26.813	
5 classes, kappa=0.350   0.000	5.440	7.085	9.360	11.279	13.919	16.305	24.543	
5 classes, kappa=0.400   0.000	4.671	6.098	8.150	9.857	12.342	14.576	22.446	
5 classes, kappa=0.450   0.000	3.823	5.002	6.796	8.244	10.580	12.619	20.196	
5 classes, kappa=0.500   0.000	3.184	4.181	5.719	6.954	9.098	10.951	18.202	
5 classes, kappa=0.550   0.000	2.532	3.300	4.562	5.570	7.489	9.126	15.910	
5 classes, kappa=0.600   0.000	1.852	2.467	3.487	4.302	5.965	7.381	13.845	
5 classes, kappa=0.650   0.000	1.342	1.781	2.578	3.204	4.641	5.812	11.803	
5 classes, kappa=0.700   0.000	0.878	1.159	1.749	2.237	3.427	4.435	9.881	
5 classes, kappa=0.750   0.000	0.524	0.706	1.084	1.420	2.325	3.057	7.815	
5 classes, kappa=0.800   0.000	0.234	0.320	0.543	0.739	1.355	1.887	5.882	
5 classes, kappa=0.850   0.000	0.055	0.103	0.208	0.315	0.684	1.018	4.119	
5 classes, kappa=0.900   0.000	0.016	0.021	0.051	0.081	0.245	0.381	2.430	
5 classes, kappa=0.950   0.000	0.000	0.000	0.003	0.007	0.035	0.066	0.891	
10 classes, kappa=0.000   0.000	1.330	1.498	1.634	1.721	1.707	1.896	1.655	
10 classes, kappa=0.050   0.000	1.078	1.161	1.272	1.348	1.390	1.530	1.477	
10 classes, kappa=0.100   0.000	0.871	0.934	1.001	1.046	1.057	1.139	1.123	
10 classes, kappa=0.150   0.000	0.892	0.913	0.978	1.032	1.041	1.134	1.177	
10 classes, kappa=0.200   0.000	0.788	0.839	0.873	0.915	0.934	1.015	1.043	
10 classes, kappa=0.250   0.000	0.786	0.757	0.770	0.811	0.809	0.855	0.920	
10 classes, kappa=0.300   0.000	0.785	0.770	0.833	0.871	0.862	0.873	0.895	
10 classes, kappa=0.350   0.000	0.697	0.681	0.705	0.712	0.732	0.767	0.771	
10 classes, kappa=0.400   0.000	0.634	0.605	0.659	0.682	0.684	0.670	0.706	
10 classes, kappa=0.450   0.000	0.536	0.550	0.570	0.625	0.629	0.687	0.764	
10 classes, kappa=0.500   0.000	0.536	0.540	0.604	0.625	0.668	0.708	0.727	
10 classes, kappa=0.550   0.000	0.505	0.501	0.545	0.581	0.596	0.644	0.671	
10 classes, kappa=0.600   0.000	0.427	0.403	0.459	0.483	0.513	0.553	0.613	
10 classes, kappa=0.650   0.000	0.378	0.404	0.426	0.463	0.479	0.535	0.658	
10 classes, kappa=0.700   0.000	0.260	0.272	0.334	0.351	0.443	0.501	0.615	
10 classes, kappa=0.750   0.000	0.234	0.242	0.292	0.326	0.414	0.459	0.584	
10 classes, kappa=0.800   0.000	0.141	0.159	0.188	0.211	0.276	0.334	0.582	
10 classes, kappa=0.850   0.000	0.077	0.085	0.128	0.153	0.207	0.277	0.525	
10 classes, kappa=0.900   0.000	0.051	0.046	0.061	0.074	0.121	0.170	0.488	
10 classes, kappa=0.950   0.000	0.000	0.000	0.008	0.015	0.040	0.054	0.413	
