2018-05-22.11:38:01

5 classes, kappa=0.000   0.000	18.863	25.174	30.755	35.217	39.447	45.915	54.911	
5 classes, kappa=0.050   0.000	17.294	22.990	28.163	32.298	36.325	42.432	51.638	
5 classes, kappa=0.100   0.000	16.042	21.188	25.984	29.777	33.512	39.213	48.158	
5 classes, kappa=0.150   0.000	14.916	19.804	24.275	27.839	31.344	36.710	45.097	
5 classes, kappa=0.200   0.000	13.740	18.318	22.467	25.850	29.187	34.252	42.227	
5 classes, kappa=0.250   0.000	12.795	16.901	20.717	23.805	26.937	31.669	39.206	
5 classes, kappa=0.300   0.000	11.310	15.267	18.687	21.575	24.588	29.122	36.367	
5 classes, kappa=0.350   0.000	9.906	13.299	16.483	19.157	22.064	26.511	33.526	
5 classes, kappa=0.400   0.000	8.289	11.275	14.069	16.515	19.314	23.495	30.493	
5 classes, kappa=0.450   0.000	7.005	9.484	11.923	14.156	16.764	20.702	27.631	
5 classes, kappa=0.500   0.000	5.628	7.685	9.787	11.758	14.194	17.887	24.710	
5 classes, kappa=0.550   0.000	4.335	5.942	7.673	9.368	11.545	14.899	21.686	
5 classes, kappa=0.600   0.000	3.217	4.492	5.873	7.303	9.212	12.160	18.755	
5 classes, kappa=0.650   0.000	2.211	3.168	4.228	5.396	7.019	9.576	15.928	
5 classes, kappa=0.700   0.000	1.472	2.114	2.902	3.812	5.134	7.202	13.134	
5 classes, kappa=0.750   0.000	0.788	1.184	1.771	2.452	3.533	5.186	10.483	
5 classes, kappa=0.800   0.000	0.464	0.647	1.007	1.456	2.288	3.450	7.983	
5 classes, kappa=0.850   0.000	0.162	0.255	0.426	0.670	1.156	1.894	5.469	
5 classes, kappa=0.900   0.000	0.016	0.038	0.080	0.156	0.407	0.721	3.175	
5 classes, kappa=0.950   0.000	0.000	0.000	0.002	0.009	0.065	0.119	1.137	
10 classes, kappa=0.000   0.000	1.689	1.699	1.717	1.666	1.666	1.636	1.263	
10 classes, kappa=0.050   0.000	1.631	1.670	1.613	1.541	1.577	1.637	1.409	
10 classes, kappa=0.100   0.000	1.651	1.468	1.442	1.408	1.353	1.373	1.239	
10 classes, kappa=0.150   0.000	1.277	1.170	1.133	1.090	1.094	1.147	1.057	
10 classes, kappa=0.200   0.000	1.313	1.198	1.203	1.121	1.145	1.204	0.971	
10 classes, kappa=0.250   0.000	1.362	1.301	1.279	1.190	1.183	1.211	1.035	
10 classes, kappa=0.300   0.000	1.320	1.354	1.314	1.258	1.227	1.182	1.048	
10 classes, kappa=0.350   0.000	1.225	1.255	1.250	1.224	1.192	1.166	1.079	
10 classes, kappa=0.400   0.000	1.151	1.195	1.198	1.194	1.171	1.149	1.030	
10 classes, kappa=0.450   0.000	1.249	1.212	1.226	1.187	1.130	1.087	1.014	
10 classes, kappa=0.500   0.000	1.023	0.973	1.000	1.014	1.046	1.067	0.964	
10 classes, kappa=0.550   0.000	0.899	0.960	1.001	1.016	1.057	1.123	1.004	
10 classes, kappa=0.600   0.000	0.769	0.816	0.914	0.960	0.975	0.988	0.952	
10 classes, kappa=0.650   0.000	0.664	0.741	0.779	0.810	0.871	0.930	0.932	
10 classes, kappa=0.700   0.000	0.507	0.541	0.577	0.610	0.620	0.685	0.772	
10 classes, kappa=0.750   0.000	0.360	0.385	0.435	0.490	0.571	0.696	0.847	
10 classes, kappa=0.800   0.000	0.284	0.326	0.400	0.460	0.558	0.688	0.858	
10 classes, kappa=0.850   0.000	0.197	0.228	0.285	0.341	0.406	0.520	0.727	
10 classes, kappa=0.900   0.000	0.056	0.076	0.105	0.138	0.207	0.287	0.666	
10 classes, kappa=0.950   0.000	0.000	0.000	0.010	0.020	0.071	0.107	0.542	
