2018-05-22.11:24:21

3 classes, kappa=0.000   0.000	11.896	14.410	19.238	22.007	26.920	29.005	38.592	
3 classes, kappa=0.050   0.000	10.167	12.161	16.723	19.024	24.001	25.844	35.747	
3 classes, kappa=0.100   0.000	8.448	9.833	13.931	15.610	20.449	21.937	31.774	
3 classes, kappa=0.150   0.000	7.464	8.722	12.553	13.965	18.528	19.857	29.412	
3 classes, kappa=0.200   0.000	6.319	7.476	10.810	12.114	16.293	17.490	26.863	
3 classes, kappa=0.250   0.000	6.246	7.332	10.368	11.592	15.333	16.477	25.203	
3 classes, kappa=0.300   0.000	5.718	6.673	9.538	10.645	14.135	15.101	23.346	
3 classes, kappa=0.350   0.000	5.579	6.483	9.117	10.144	13.298	14.179	21.614	
3 classes, kappa=0.400   0.000	5.095	5.959	8.415	9.410	12.268	13.100	19.851	
3 classes, kappa=0.450   0.000	4.988	5.891	8.179	9.101	11.666	12.465	18.438	
3 classes, kappa=0.500   0.000	4.664	5.486	7.528	8.395	10.679	11.472	16.785	
3 classes, kappa=0.550   0.000	4.184	4.921	6.787	7.643	9.655	10.431	15.165	
3 classes, kappa=0.600   0.000	3.562	4.328	5.842	6.750	8.461	9.264	13.500	
3 classes, kappa=0.650   0.000	3.045	3.762	5.002	5.883	7.284	8.081	11.900	
3 classes, kappa=0.700   0.000	2.314	2.904	3.868	4.661	5.809	6.599	10.054	
3 classes, kappa=0.750   0.000	1.567	1.966	2.703	3.331	4.272	4.988	8.132	
3 classes, kappa=0.800   0.000	0.903	1.173	1.675	2.088	2.866	3.386	6.297	
3 classes, kappa=0.850   0.000	0.365	0.527	0.757	0.996	1.506	1.883	4.287	
3 classes, kappa=0.900   0.000	0.091	0.129	0.224	0.301	0.587	0.760	2.518	
3 classes, kappa=0.950   0.000	0.000	0.002	0.008	0.015	0.077	0.115	0.949	
10 classes, kappa=0.000   0.000	1.605	1.643	1.730	1.908	1.768	1.896	1.735	
10 classes, kappa=0.050   0.000	1.531	1.601	1.708	2.006	1.882	2.099	2.066	
10 classes, kappa=0.100   0.000	0.937	0.960	0.994	1.154	1.123	1.240	1.371	
10 classes, kappa=0.150   0.000	1.007	0.947	0.968	1.003	0.872	0.954	1.047	
10 classes, kappa=0.200   0.000	0.879	0.831	0.918	0.914	0.946	0.947	0.891	
10 classes, kappa=0.250   0.000	0.935	0.907	0.966	0.980	0.936	0.968	1.007	
10 classes, kappa=0.300   0.000	0.946	0.894	0.940	0.914	0.801	0.810	0.734	
10 classes, kappa=0.350   0.000	0.925	0.821	0.844	0.834	0.769	0.786	0.787	
10 classes, kappa=0.400   0.000	1.001	0.874	0.887	0.893	0.817	0.796	0.745	
10 classes, kappa=0.450   0.000	0.814	0.771	0.812	0.792	0.756	0.743	0.702	
10 classes, kappa=0.500   0.000	0.798	0.746	0.747	0.728	0.709	0.682	0.659	
10 classes, kappa=0.550   0.000	0.798	0.734	0.710	0.715	0.613	0.630	0.668	
10 classes, kappa=0.600   0.000	0.662	0.636	0.686	0.669	0.675	0.646	0.613	
10 classes, kappa=0.650   0.000	0.651	0.594	0.616	0.600	0.602	0.597	0.599	
10 classes, kappa=0.700   0.000	0.585	0.525	0.588	0.569	0.577	0.565	0.522	
10 classes, kappa=0.750   0.000	0.515	0.471	0.480	0.509	0.498	0.537	0.604	
10 classes, kappa=0.800   0.000	0.460	0.484	0.539	0.544	0.571	0.578	0.599	
10 classes, kappa=0.850   0.000	0.277	0.293	0.341	0.365	0.433	0.467	0.539	
10 classes, kappa=0.900   0.000	0.147	0.156	0.199	0.214	0.301	0.338	0.561	
10 classes, kappa=0.950   0.000	0.000	0.013	0.022	0.031	0.075	0.089	0.402	
