2018-05-22.11:51:48

5 classes, kappa=0.000   0.000	12.023	16.307	20.741	24.876	29.546	36.568	45.611	
5 classes, kappa=0.050   0.000	10.423	14.059	18.016	21.715	25.984	32.420	41.559	
5 classes, kappa=0.100   0.000	8.894	12.126	15.657	18.965	22.810	28.515	37.523	
5 classes, kappa=0.150   0.000	8.452	11.268	14.508	17.433	21.032	26.050	34.856	
5 classes, kappa=0.200   0.000	7.555	10.085	13.004	15.673	19.071	23.610	32.363	
5 classes, kappa=0.250   0.000	6.692	8.911	11.611	14.008	17.185	21.218	29.878	
5 classes, kappa=0.300   0.000	5.877	7.836	10.230	12.473	15.490	19.232	27.837	
5 classes, kappa=0.350   0.000	5.145	6.818	9.002	10.949	13.783	17.115	25.719	
5 classes, kappa=0.400   0.000	4.279	5.704	7.614	9.318	11.882	14.866	23.259	
5 classes, kappa=0.450   0.000	3.370	4.599	6.158	7.702	10.036	12.738	20.919	
5 classes, kappa=0.500   0.000	2.617	3.575	4.874	6.147	8.257	10.646	18.651	
5 classes, kappa=0.550   0.000	1.787	2.627	3.674	4.761	6.648	8.784	16.501	
5 classes, kappa=0.600   0.000	1.292	1.811	2.613	3.478	5.103	6.841	14.138	
5 classes, kappa=0.650   0.000	0.789	1.087	1.689	2.318	3.683	5.102	12.027	
5 classes, kappa=0.700   0.000	0.353	0.538	0.956	1.413	2.509	3.638	9.914	
5 classes, kappa=0.750   0.000	0.201	0.303	0.552	0.833	1.606	2.484	7.925	
5 classes, kappa=0.800   0.000	0.092	0.137	0.275	0.449	0.979	1.596	6.103	
5 classes, kappa=0.850   0.000	0.028	0.042	0.109	0.186	0.496	0.823	4.325	
5 classes, kappa=0.900   0.000	0.002	0.013	0.034	0.059	0.171	0.308	2.549	
5 classes, kappa=0.950   0.000	0.000	0.000	0.000	0.000	0.018	0.035	0.972	
10 classes, kappa=0.000   0.000	1.996	2.221	2.471	2.573	2.628	2.679	2.305	
10 classes, kappa=0.050   0.000	1.811	2.094	2.329	2.460	2.567	2.704	2.411	
10 classes, kappa=0.100   0.000	1.543	1.673	1.762	1.823	1.820	1.960	1.834	
10 classes, kappa=0.150   0.000	1.535	1.551	1.686	1.672	1.686	1.777	1.585	
10 classes, kappa=0.200   0.000	1.347	1.319	1.303	1.258	1.210	1.313	1.241	
10 classes, kappa=0.250   0.000	1.197	1.092	1.119	1.106	1.053	1.114	1.116	
10 classes, kappa=0.300   0.000	1.087	1.091	1.112	1.145	1.147	1.198	1.014	
10 classes, kappa=0.350   0.000	1.049	1.024	1.034	1.063	1.007	1.031	0.838	
10 classes, kappa=0.400   0.000	0.873	0.853	0.900	0.906	0.914	0.936	0.830	
10 classes, kappa=0.450   0.000	0.880	0.833	0.822	0.793	0.785	0.796	0.744	
10 classes, kappa=0.500   0.000	0.777	0.747	0.840	0.831	0.850	0.855	0.848	
10 classes, kappa=0.550   0.000	0.690	0.766	0.786	0.782	0.769	0.800	0.743	
10 classes, kappa=0.600   0.000	0.650	0.659	0.723	0.773	0.839	0.823	0.768	
10 classes, kappa=0.650   0.000	0.446	0.477	0.532	0.581	0.619	0.648	0.772	
10 classes, kappa=0.700   0.000	0.327	0.348	0.455	0.496	0.618	0.642	0.651	
10 classes, kappa=0.750   0.000	0.250	0.264	0.321	0.360	0.433	0.486	0.583	
10 classes, kappa=0.800   0.000	0.157	0.162	0.213	0.266	0.361	0.406	0.581	
10 classes, kappa=0.850   0.000	0.088	0.084	0.135	0.164	0.273	0.311	0.585	
10 classes, kappa=0.900   0.000	0.011	0.041	0.078	0.093	0.138	0.185	0.494	
10 classes, kappa=0.950   0.000	0.000	0.000	0.000	0.000	0.029	0.042	0.359	
