2018-05-24.10:52:15

3 classes, kappa=0.050   0.000	10.056	12.109	16.439	19.038	23.963	25.795	36.198	
3 classes, kappa=0.100   0.000	8.537	10.150	14.216	16.393	21.220	22.904	33.241	
3 classes, kappa=0.150   0.000	6.996	8.058	11.924	13.313	18.134	19.388	29.466	
3 classes, kappa=0.200   0.000	5.876	6.654	10.246	11.244	15.919	16.966	26.710	
3 classes, kappa=0.250   0.000	5.034	5.713	8.965	9.816	14.218	15.114	24.729	
3 classes, kappa=0.300   0.000	4.322	4.915	7.844	8.566	12.638	13.397	22.641	
3 classes, kappa=0.350   0.000	3.901	4.367	6.938	7.530	11.219	11.888	20.663	
3 classes, kappa=0.400   0.000	3.439	3.988	6.260	6.804	10.102	10.741	19.034	
3 classes, kappa=0.450   0.000	3.099	3.509	5.495	6.029	8.937	9.532	17.179	
3 classes, kappa=0.500   0.000	3.052	3.463	5.294	5.791	8.322	8.862	15.739	
3 classes, kappa=0.550   0.000	2.669	3.113	4.655	5.176	7.350	7.870	13.890	
3 classes, kappa=0.600   0.000	2.556	2.885	4.348	4.804	6.717	7.198	12.418	
3 classes, kappa=0.650   0.000	2.194	2.575	3.844	4.296	5.956	6.392	10.782	
3 classes, kappa=0.700   0.000	2.183	2.607	3.628	4.190	5.462	5.964	9.426	
3 classes, kappa=0.750   0.000	1.939	2.323	3.169	3.717	4.745	5.259	8.076	
3 classes, kappa=0.800   0.000	1.274	1.518	2.190	2.530	3.407	3.869	6.348	
3 classes, kappa=0.850   0.000	0.468	0.588	0.921	1.115	1.709	2.035	4.281	
3 classes, kappa=0.900   0.000	0.092	0.146	0.243	0.333	0.630	0.805	2.437	
3 classes, kappa=0.950   0.000	0.000	0.000	0.012	0.019	0.073	0.115	0.928	
10 classes, kappa=0.050   0.000	1.328	1.512	1.610	1.933	1.763	1.977	1.892	
10 classes, kappa=0.100   0.000	1.368	1.558	1.605	1.931	1.753	1.952	1.865	
10 classes, kappa=0.150   0.000	0.948	0.995	1.085	1.239	1.195	1.286	1.334	
10 classes, kappa=0.200   0.000	0.862	0.837	0.913	0.943	0.910	0.960	0.984	
10 classes, kappa=0.250   0.000	0.809	0.781	0.850	0.851	0.854	0.870	0.968	
10 classes, kappa=0.300   0.000	0.817	0.767	0.823	0.863	0.845	0.899	0.915	
10 classes, kappa=0.350   0.000	0.710	0.615	0.697	0.712	0.679	0.694	0.743	
10 classes, kappa=0.400   0.000	0.703	0.650	0.686	0.684	0.649	0.640	0.671	
10 classes, kappa=0.450   0.000	0.665	0.606	0.618	0.615	0.598	0.588	0.646	
10 classes, kappa=0.500   0.000	0.719	0.617	0.664	0.666	0.653	0.619	0.646	
10 classes, kappa=0.550   0.000	0.597	0.562	0.642	0.621	0.616	0.613	0.690	
10 classes, kappa=0.600   0.000	0.644	0.572	0.602	0.613	0.602	0.591	0.682	
10 classes, kappa=0.650   0.000	0.629	0.567	0.598	0.617	0.592	0.595	0.571	
10 classes, kappa=0.700   0.000	0.576	0.531	0.547	0.557	0.529	0.512	0.533	
10 classes, kappa=0.750   0.000	0.570	0.507	0.537	0.547	0.553	0.554	0.543	
10 classes, kappa=0.800   0.000	0.479	0.486	0.534	0.546	0.568	0.583	0.591	
10 classes, kappa=0.850   0.000	0.332	0.339	0.414	0.429	0.480	0.488	0.600	
10 classes, kappa=0.900   0.000	0.167	0.195	0.232	0.258	0.347	0.376	0.595	
10 classes, kappa=0.950   0.000	0.000	0.000	0.028	0.037	0.085	0.095	0.377	
