2018-05-15.02:32:35

3 classes, kappa=0.094   0.000	11.481	14.444	18.254	23.095	27.407	31.905	41.111	
3 classes, kappa=0.098   0.000	12.963	15.000	19.325	22.884	27.090	32.381	42.500	
3 classes, kappa=0.098   0.000	12.222	14.907	19.405	23.862	27.566	32.222	40.741	
3 classes, kappa=0.098   0.000	11.852	12.685	18.175	22.884	26.746	30.238	39.074	
3 classes, kappa=0.100   0.000	11.481	14.907	19.802	23.466	28.439	32.500	41.759	
3 classes, kappa=0.101   0.000	11.111	14.444	18.492	23.757	27.196	31.865	40.370	
3 classes, kappa=0.103   0.000	11.481	14.907	18.532	22.619	27.513	31.111	39.815	
3 classes, kappa=0.103   0.000	11.111	13.704	16.667	22.487	25.503	30.714	42.130	
3 classes, kappa=0.104   0.000	10.370	13.426	18.016	23.069	27.090	31.389	40.370	
3 classes, kappa=0.105   0.000	11.481	14.630	19.048	23.254	27.460	32.222	40.093	
3 classes, kappa=0.105   0.000	9.259	13.056	17.738	22.116	25.767	31.270	40.463	
3 classes, kappa=0.109   0.000	7.037	12.593	16.746	21.032	25.820	30.238	38.611	
3 classes, kappa=0.112   0.000	11.111	13.704	17.976	22.434	25.688	30.952	39.167	
3 classes, kappa=0.112   0.000	8.148	11.204	16.746	21.164	25.079	30.278	39.352	
3 classes, kappa=0.114   0.000	9.630	12.963	18.016	22.275	26.190	30.873	39.815	
3 classes, kappa=0.114   0.000	11.852	13.333	18.175	22.090	25.741	31.032	41.111	
3 classes, kappa=0.114   0.000	10.741	13.796	18.056	22.619	25.238	30.873	40.741	
3 classes, kappa=0.114   0.000	8.889	12.315	17.262	21.190	25.688	30.476	39.537	
3 classes, kappa=0.115   0.000	8.148	11.852	15.992	21.111	25.476	30.198	39.537	
3 classes, kappa=0.115   0.000	10.000	12.500	16.508	21.931	25.291	29.405	38.981	
3 classes, kappa=0.115   0.000	8.889	13.333	17.540	21.111	25.635	30.476	40.833	
3 classes, kappa=0.119   0.000	11.111	13.704	17.857	21.825	25.608	30.000	41.944	
3 classes, kappa=0.119   0.000	8.889	14.074	16.905	21.958	25.529	30.556	37.963	
3 classes, kappa=0.121   0.000	12.222	15.093	19.246	23.333	26.905	30.952	39.537	
3 classes, kappa=0.121   0.000	9.630	11.204	17.183	21.032	24.921	30.079	39.630	
3 classes, kappa=0.121   0.000	11.111	13.611	18.135	22.434	26.270	30.238	40.093	
3 classes, kappa=0.122   0.000	10.000	13.889	18.016	22.222	26.217	30.516	39.074	
3 classes, kappa=0.122   0.000	9.630	12.685	17.063	21.429	25.476	30.198	38.148	
3 classes, kappa=0.123   0.000	11.481	13.889	18.373	22.513	26.296	30.794	38.981	
3 classes, kappa=0.124   0.000	7.778	13.796	17.063	21.561	25.212	30.159	39.444	
3 classes, kappa=0.127   0.000	12.963	15.000	18.532	22.698	26.376	30.714	39.259	
3 classes, kappa=0.128   0.000	7.037	13.333	16.429	20.741	25.026	29.643	37.222	
3 classes, kappa=0.131   0.000	9.630	13.241	16.706	21.085	25.476	28.929	39.815	
3 classes, kappa=0.133   0.000	9.259	13.889	18.294	21.799	25.212	29.683	38.056	
3 classes, kappa=0.135   0.000	10.000	11.667	16.032	20.582	25.132	28.730	40.926	
3 classes, kappa=0.135   0.000	11.481	11.944	15.913	20.608	24.841	28.095	37.130	
3 classes, kappa=0.136   0.000	9.259	13.889	16.230	21.005	24.735	28.651	38.704	
3 classes, kappa=0.136   0.000	7.778	13.056	16.944	20.476	24.709	28.810	39.537	
3 classes, kappa=0.137   0.000	8.519	13.148	16.429	20.582	25.185	28.849	36.759	
3 classes, kappa=0.138   0.000	11.852	11.667	14.722	20.079	24.392	28.056	39.074	
3 classes, kappa=0.139   0.000	8.889	10.556	15.317	20.317	23.889	27.619	38.148	
3 classes, kappa=0.140   0.000	8.889	11.389	15.754	20.476	24.180	27.897	38.796	
3 classes, kappa=0.140   0.000	11.111	12.222	15.238	20.106	23.624	28.175	38.796	
3 classes, kappa=0.140   0.000	8.519	11.481	15.952	19.656	24.550	27.738	37.222	
3 classes, kappa=0.140   0.000	7.407	11.667	15.992	20.106	24.233	28.175	36.852	
3 classes, kappa=0.141   0.000	8.148	12.500	15.278	19.788	24.127	27.857	39.167	
3 classes, kappa=0.141   0.000	11.852	12.407	15.595	19.868	23.545	27.659	37.870	
3 classes, kappa=0.143   0.000	11.111	10.185	14.683	19.392	22.831	27.341	38.519	
3 classes, kappa=0.144   0.000	8.148	9.815	13.095	17.857	22.143	26.151	37.222	
3 classes, kappa=0.145   0.000	10.000	11.296	14.643	18.836	22.989	27.579	37.037	
3 classes, kappa=0.145   0.000	10.000	11.296	15.198	19.206	22.751	26.706	39.630	
3 classes, kappa=0.145   0.000	8.148	9.907	13.373	18.704	22.249	27.024	37.315	
3 classes, kappa=0.145   0.000	10.741	11.574	15.595	19.921	22.884	27.738	37.870	
3 classes, kappa=0.145   0.000	8.889	11.111	14.246	19.312	22.778	27.460	34.259	
3 classes, kappa=0.146   0.000	10.000	11.574	15.079	19.021	23.016	26.944	36.111	
3 classes, kappa=0.146   0.000	6.667	9.444	12.619	18.280	22.143	26.032	38.056	
3 classes, kappa=0.146   0.000	10.741	11.667	14.563	20.000	22.751	27.619	38.148	
3 classes, kappa=0.147   0.000	9.630	11.296	15.635	19.947	23.915	28.016	38.241	
3 classes, kappa=0.147   0.000	9.259	10.278	13.929	18.730	22.619	26.587	37.222	
3 classes, kappa=0.148   0.000	7.778	8.981	12.738	17.328	22.011	26.111	37.130	
3 classes, kappa=0.149   0.000	5.926	9.352	11.944	17.540	21.323	25.675	37.407	
3 classes, kappa=0.149   0.000	11.481	11.759	14.683	19.735	23.492	27.817	35.741	
3 classes, kappa=0.155   0.000	7.778	8.889	12.500	18.095	22.249	25.992	36.574	
3 classes, kappa=0.158   0.000	10.000	9.815	13.492	18.095	21.984	26.032	37.593	
3 classes, kappa=0.163   0.000	8.519	11.111	13.651	17.778	21.111	25.556	38.148	
3 classes, kappa=0.170   0.000	9.259	10.648	13.294	17.381	21.323	25.397	37.315	
3 classes, kappa=0.173   0.000	8.519	9.352	12.341	17.460	22.063	25.000	36.481	
3 classes, kappa=0.179   0.000	8.889	10.463	12.024	16.481	20.714	24.484	34.907	
3 classes, kappa=0.181   0.000	8.889	10.000	12.103	17.222	21.217	24.206	37.407	
3 classes, kappa=0.185   0.000	10.741	12.593	13.651	18.413	22.063	25.000	36.296	
3 classes, kappa=0.185   0.000	9.630	12.870	14.167	18.201	22.434	26.310	37.037	
3 classes, kappa=0.185   0.000	7.778	10.093	13.810	16.640	21.349	25.278	36.204	
3 classes, kappa=0.186   0.000	8.148	9.167	11.865	16.217	20.212	23.571	36.111	
3 classes, kappa=0.188   0.000	7.037	8.796	12.063	16.481	20.767	24.802	33.611	
3 classes, kappa=0.192   0.000	9.630	9.815	12.976	17.381	21.032	23.810	35.370	
3 classes, kappa=0.192   0.000	9.259	12.222	14.444	18.042	21.825	24.802	35.463	
3 classes, kappa=0.193   0.000	10.370	12.407	13.690	17.831	21.905	25.397	35.926	
3 classes, kappa=0.195   0.000	10.741	11.389	13.016	17.857	21.349	23.968	35.185	
3 classes, kappa=0.196   0.000	11.481	12.037	13.373	17.434	21.005	24.524	34.167	
3 classes, kappa=0.196   0.000	8.519	10.370	11.944	16.852	20.212	24.325	34.259	
3 classes, kappa=0.197   0.000	9.259	12.037	14.484	17.672	21.111	24.524	35.000	
3 classes, kappa=0.198   0.000	8.889	11.389	13.452	16.746	21.508	24.563	35.648	
3 classes, kappa=0.199   0.000	8.519	9.722	12.778	16.190	20.714	24.206	35.000	
3 classes, kappa=0.202   0.000	8.148	10.093	13.016	17.249	21.614	24.286	34.815	
3 classes, kappa=0.206   0.000	9.630	12.130	13.175	17.222	20.979	23.849	34.630	
3 classes, kappa=0.207   0.000	9.259	10.833	12.778	16.905	19.894	23.492	33.241	
3 classes, kappa=0.211   0.000	7.778	10.278	12.222	16.296	19.762	22.976	32.778	
3 classes, kappa=0.214   0.000	7.778	8.981	11.190	14.788	19.021	22.659	35.000	
3 classes, kappa=0.220   0.000	6.667	8.889	11.310	15.635	18.651	21.667	33.519	
3 classes, kappa=0.224   0.000	7.037	8.519	10.397	14.603	18.492	21.587	34.907	
3 classes, kappa=0.232   0.000	7.407	9.352	10.317	14.524	17.540	20.873	32.963	
3 classes, kappa=0.240   0.000	5.926	8.333	9.802	13.492	18.466	20.833	31.667	
3 classes, kappa=0.240   0.000	6.667	9.074	10.476	14.444	17.646	21.508	33.426	
3 classes, kappa=0.241   0.000	4.815	6.944	8.532	12.407	16.984	19.524	33.241	
3 classes, kappa=0.242   0.000	3.333	6.111	8.333	11.746	16.825	19.484	32.037	
3 classes, kappa=0.245   0.000	5.926	8.426	9.325	13.439	17.381	20.476	32.037	
3 classes, kappa=0.248   0.000	2.593	6.019	7.738	11.614	15.794	19.127	31.019	
3 classes, kappa=0.257   0.000	3.333	6.111	8.016	11.402	16.640	19.603	29.444	
3 classes, kappa=0.264   0.000	2.963	5.648	8.214	10.847	15.370	18.968	31.204	
3 classes, kappa=0.272   0.000	4.074	6.111	7.540	11.032	15.159	17.579	30.370	
3 classes, kappa=0.273   0.000	4.815	6.111	7.659	11.825	15.212	18.254	29.444	
3 classes, kappa=0.281   0.000	3.333	5.833	7.778	11.058	15.661	18.492	30.185	
3 classes, kappa=0.286   0.000	4.444	5.926	7.302	10.661	14.735	17.460	27.407	
3 classes, kappa=0.294   0.000	3.704	5.741	7.143	10.556	14.286	17.302	28.611	
3 classes, kappa=0.296   0.000	4.815	5.833	7.659	11.058	14.921	17.381	30.000	
3 classes, kappa=0.302   0.000	4.444	5.648	7.183	10.503	13.757	17.063	27.685	
3 classes, kappa=0.307   0.000	4.444	5.833	7.817	10.926	14.444	16.944	28.241	
3 classes, kappa=0.314   0.000	4.074	5.556	8.175	10.688	14.233	16.905	27.593	
3 classes, kappa=0.322   0.000	3.333	5.463	7.698	10.714	14.127	16.905	27.963	
3 classes, kappa=0.331   0.000	4.074	5.833	7.976	10.794	14.392	17.460	27.685	
3 classes, kappa=0.339   0.000	4.444	5.833	8.056	10.847	13.730	16.548	25.741	
3 classes, kappa=0.349   0.000	3.333	5.926	7.937	10.794	13.862	16.270	27.315	
3 classes, kappa=0.360   0.000	4.074	6.667	8.016	10.688	13.810	16.151	27.130	
3 classes, kappa=0.367   0.000	3.704	6.204	7.063	10.476	13.201	15.675	26.667	
3 classes, kappa=0.378   0.000	2.222	5.463	7.897	10.344	13.757	16.627	26.019	
3 classes, kappa=0.381   0.000	4.074	5.278	7.143	9.709	12.646	15.278	23.981	
3 classes, kappa=0.386   0.000	4.444	6.111	7.302	9.974	13.333	15.556	25.093	
3 classes, kappa=0.389   0.000	2.593	5.278	6.706	9.841	12.169	14.563	24.907	
3 classes, kappa=0.392   0.000	2.593	5.000	6.786	9.894	12.249	15.397	25.556	
3 classes, kappa=0.400   0.000	2.963	4.815	7.143	10.106	12.302	15.159	23.519	
3 classes, kappa=0.405   0.000	4.444	4.907	7.460	10.265	12.222	14.484	23.333	
3 classes, kappa=0.407   0.000	5.556	6.111	8.016	10.159	12.857	15.397	24.722	
3 classes, kappa=0.412   0.000	3.333	5.556	7.222	9.709	12.381	14.683	23.889	
3 classes, kappa=0.418   0.000	5.556	6.296	8.016	10.741	12.884	15.159	24.444	
3 classes, kappa=0.423   0.000	3.704	5.278	6.825	9.894	12.434	14.365	23.333	
3 classes, kappa=0.439   0.000	4.444	5.278	7.540	9.233	12.196	14.286	23.981	
3 classes, kappa=0.451   0.000	5.185	5.556	7.460	9.418	11.614	13.770	23.981	
3 classes, kappa=0.460   0.000	3.333	4.444	6.389	8.677	11.243	13.294	22.037	
3 classes, kappa=0.468   0.000	4.444	4.630	6.032	8.466	10.794	12.619	21.759	
3 classes, kappa=0.473   0.000	3.704	3.981	5.516	7.884	10.291	12.540	20.648	
3 classes, kappa=0.490   0.000	2.593	3.981	5.635	7.698	9.709	11.905	21.204	
3 classes, kappa=0.495   0.000	3.704	3.704	5.635	7.090	9.206	11.667	20.741	
3 classes, kappa=0.505   0.000	3.704	4.167	5.198	6.931	9.206	11.349	19.352	
3 classes, kappa=0.505   0.000	2.963	3.056	4.048	6.243	7.910	10.000	19.630	
3 classes, kappa=0.505   0.000	3.333	2.963	4.563	6.085	8.492	10.357	19.259	
3 classes, kappa=0.519   0.000	2.963	3.241	3.611	6.058	7.751	9.484	19.444	
3 classes, kappa=0.539   0.000	2.222	3.241	3.849	5.661	7.381	9.643	19.537	
3 classes, kappa=0.555   0.000	3.704	2.870	3.770	5.291	6.772	9.048	15.556	
3 classes, kappa=0.566   0.000	2.222	3.056	3.532	5.503	7.037	9.048	16.019	
3 classes, kappa=0.566   0.000	2.963	2.963	3.492	5.185	7.275	9.048	16.667	
3 classes, kappa=0.577   0.000	2.593	3.426	3.651	5.397	7.222	9.325	15.370	
3 classes, kappa=0.589   0.000	5.185	4.352	4.603	5.582	6.958	8.929	16.574	
3 classes, kappa=0.590   0.000	3.333	3.241	3.333	4.788	6.085	7.738	17.963	
3 classes, kappa=0.591   0.000	2.963	2.870	3.929	5.212	6.323	8.294	16.111	
3 classes, kappa=0.601   0.000	2.222	2.222	2.103	4.153	5.159	6.508	16.389	
3 classes, kappa=0.607   0.000	1.852	2.222	2.619	3.810	4.656	6.270	14.630	
3 classes, kappa=0.609   0.000	2.222	2.685	3.175	4.233	5.238	6.984	15.648	
3 classes, kappa=0.613   0.000	1.852	2.315	2.262	3.571	4.392	6.032	15.556	
3 classes, kappa=0.628   0.000	1.852	2.963	3.056	3.968	4.921	6.746	12.500	
3 classes, kappa=0.637   0.000	2.222	2.963	3.095	3.810	5.026	5.873	14.352	
3 classes, kappa=0.645   0.000	1.852	2.685	3.135	3.624	4.656	5.556	14.537	
3 classes, kappa=0.656   0.000	2.593	2.778	2.937	3.810	4.868	5.913	13.611	
3 classes, kappa=0.675   0.000	2.963	2.685	2.778	3.677	4.471	5.159	12.500	
3 classes, kappa=0.686   0.000	3.333	2.500	2.937	3.757	4.841	4.841	12.407	
3 classes, kappa=0.687   0.000	1.111	1.111	1.905	2.672	3.836	4.643	11.574	
3 classes, kappa=0.698   0.000	1.111	1.481	2.063	2.804	3.968	4.762	11.204	
3 classes, kappa=0.710   0.000	0.741	1.389	2.103	2.831	3.704	4.722	10.833	
3 classes, kappa=0.722   0.000	0.000	0.463	1.151	2.275	3.280	3.929	9.630	
3 classes, kappa=0.733   0.000	0.000	0.648	0.675	1.111	1.984	3.254	8.704	
3 classes, kappa=0.740   0.000	0.000	0.185	0.516	1.058	1.931	2.579	9.722	
3 classes, kappa=0.750   0.000	0.000	0.556	0.635	0.926	1.905	2.302	8.611	
3 classes, kappa=0.761   0.000	0.000	0.278	0.516	0.926	1.878	2.579	8.241	
3 classes, kappa=0.771   0.000	0.000	0.556	0.595	1.032	1.958	2.381	7.037	
3 classes, kappa=0.782   0.000	0.000	0.648	0.635	0.794	2.063	2.302	7.778	
3 classes, kappa=0.797   0.000	0.000	0.000	0.000	0.159	1.190	1.310	6.204	
3 classes, kappa=0.798   0.000	0.000	0.000	0.437	0.661	1.667	1.706	5.556	
3 classes, kappa=0.804   0.000	0.000	0.000	0.000	0.238	1.058	1.429	6.481	
3 classes, kappa=0.805   0.000	0.000	0.000	0.000	0.238	1.005	1.032	5.648	
3 classes, kappa=0.824   0.000	0.000	0.000	0.000	0.212	0.688	0.833	5.278	
3 classes, kappa=0.836   0.000	0.000	0.000	0.000	0.159	0.582	0.794	4.444	
3 classes, kappa=0.843   0.000	0.000	0.741	0.714	0.688	1.164	1.270	4.630	
3 classes, kappa=0.852   0.000	1.481	1.852	1.667	1.640	2.116	2.063	4.630	
3 classes, kappa=0.865   0.000	0.000	0.463	0.675	0.926	1.138	1.468	4.074	
3 classes, kappa=0.880   0.000	0.000	0.000	0.357	0.397	0.635	0.754	3.519	
3 classes, kappa=0.897   0.000	0.000	0.000	0.000	0.000	0.238	0.278	2.500	
3 classes, kappa=0.906   0.000	0.000	0.000	0.000	0.000	0.000	0.000	2.037	
3 classes, kappa=0.928   0.000	0.000	0.000	0.000	0.000	0.000	0.000	1.574	
3 classes, kappa=0.939   0.000	0.000	0.000	0.000	0.000	0.000	0.000	1.204	
3 classes, kappa=0.957   0.000	0.000	0.000	0.000	0.000	0.000	0.000	0.463	
3 classes, kappa=0.978   0.000	0.000	0.000	0.000	0.000	0.000	0.000	0.370	
3 classes, kappa=0.989   0.000	0.000	0.000	0.000	0.000	0.000	0.000	0.370	
