3 classes, kappa=0.000   0.000	11.967	14.470	19.150	22.025	26.930	29.079	38.772	
3 classes, kappa=0.050   0.000	10.648	12.816	17.309	19.898	24.807	26.790	36.877	
3 classes, kappa=0.100   0.000	8.282	9.895	13.992	15.849	20.750	22.333	32.519	
3 classes, kappa=0.150   0.000	6.917	8.276	11.942	13.526	18.184	19.575	29.642	
3 classes, kappa=0.200   0.000	6.379	7.598	10.870	12.271	16.454	17.719	27.361	
3 classes, kappa=0.250   0.000	5.913	7.010	9.977	11.226	15.128	16.271	25.532	
3 classes, kappa=0.300   0.000	5.696	6.681	9.421	10.571	14.089	15.157	23.771	
3 classes, kappa=0.350   0.000	5.069	5.970	8.506	9.555	12.806	13.755	21.902	
3 classes, kappa=0.400   0.000	4.755	5.624	7.916	8.935	11.813	12.702	20.218	
3 classes, kappa=0.450   0.000	4.595	5.370	7.468	8.412	11.035	11.893	18.705	
3 classes, kappa=0.500   0.000	4.155	4.912	6.741	7.744	10.042	10.916	17.154	
3 classes, kappa=0.550   0.000	3.653	4.481	6.083	7.048	9.009	9.872	15.547	
3 classes, kappa=0.600   0.000	3.395	4.162	5.513	6.497	8.164	9.030	14.094	
3 classes, kappa=0.650   0.000	2.971	3.619	4.791	5.685	7.087	7.946	12.468	
3 classes, kappa=0.700   0.000	2.376	2.914	3.889	4.651	5.844	6.630	10.794	
3 classes, kappa=0.750   0.000	1.391	1.763	2.508	3.077	4.164	4.856	8.746	
3 classes, kappa=0.800   0.000	0.754	0.979	1.462	1.820	2.707	3.242	6.701	
3 classes, kappa=0.850   0.000	0.257	0.356	0.630	0.847	1.468	1.828	4.818	
3 classes, kappa=0.900   0.000	0.028	0.052	0.155	0.227	0.590	0.781	3.059	
3 classes, kappa=0.950   0.000	0.004	0.006	0.026	0.040	0.158	0.211	1.533	
3 classes, kappa=1.000   0.000	0.000	0.000	0.000	0.000	0.020	0.029	0.522	
6 classes, kappa=0.000   0.000	1.763	1.641	1.901	1.809	1.726	1.927	1.548	
6 classes, kappa=0.050   0.000	1.625	1.732	1.817	2.112	1.965	2.175	1.984	
6 classes, kappa=0.100   0.000	1.299	1.295	1.439	1.544	1.530	1.658	1.624	
6 classes, kappa=0.150   0.000	1.121	1.052	1.167	1.149	1.196	1.212	1.250	
6 classes, kappa=0.200   0.000	1.047	0.991	1.085	1.071	1.057	1.061	1.030	
6 classes, kappa=0.250   0.000	0.932	0.879	0.826	0.867	0.826	0.871	0.939	
6 classes, kappa=0.300   0.000	0.949	0.860	0.913	0.891	0.833	0.864	0.767	
6 classes, kappa=0.350   0.000	0.818	0.776	0.840	0.793	0.766	0.742	0.710	
6 classes, kappa=0.400   0.000	0.926	0.844	0.893	0.879	0.809	0.798	0.721	
6 classes, kappa=0.450   0.000	0.816	0.739	0.777	0.755	0.705	0.725	0.635	
6 classes, kappa=0.500   0.000	0.792	0.715	0.731	0.726	0.713	0.704	0.733	
6 classes, kappa=0.550   0.000	0.778	0.653	0.682	0.657	0.619	0.632	0.586	
6 classes, kappa=0.600   0.000	0.765	0.677	0.686	0.664	0.606	0.616	0.606	
6 classes, kappa=0.650   0.000	0.711	0.625	0.629	0.607	0.579	0.560	0.564	
6 classes, kappa=0.700   0.000	0.694	0.672	0.723	0.722	0.719	0.705	0.677	
6 classes, kappa=0.750   0.000	0.612	0.610	0.651	0.687	0.713	0.691	0.701	
6 classes, kappa=0.800   0.000	0.397	0.398	0.444	0.465	0.502	0.515	0.522	
6 classes, kappa=0.850   0.000	0.265	0.251	0.318	0.351	0.414	0.461	0.537	
6 classes, kappa=0.900   0.000	0.083	0.108	0.149	0.164	0.224	0.272	0.486	
6 classes, kappa=0.950   0.000	0.028	0.028	0.051	0.061	0.139	0.156	0.452	
6 classes, kappa=1.000   0.000	0.000	0.000	0.000	0.000	0.022	0.027	0.165	
