0 classes, kappa=0.050   0.000	1.495	1.535	1.506	1.728	1.541	1.709	1.595	
0 classes, kappa=0.100   0.000	1.356	1.445	1.491	1.758	1.643	1.798	1.767	
0 classes, kappa=0.150   0.000	1.081	1.079	1.118	1.247	1.175	1.284	1.361	
0 classes, kappa=0.200   0.000	1.002	0.932	0.989	1.011	0.965	1.006	1.019	
0 classes, kappa=0.250   0.000	0.878	0.799	0.860	0.847	0.828	0.831	0.859	
0 classes, kappa=0.300   0.000	0.821	0.752	0.803	0.786	0.785	0.778	0.786	
0 classes, kappa=0.350   0.000	0.799	0.725	0.776	0.767	0.761	0.746	0.756	
0 classes, kappa=0.400   0.000	0.715	0.660	0.714	0.700	0.699	0.686	0.692	
0 classes, kappa=0.450   0.000	0.697	0.628	0.671	0.657	0.665	0.653	0.659	
0 classes, kappa=0.500   0.000	0.673	0.612	0.665	0.645	0.630	0.625	0.666	
0 classes, kappa=0.550   0.000	0.622	0.561	0.611	0.611	0.606	0.597	0.588	
0 classes, kappa=0.600   0.000	0.622	0.578	0.616	0.613	0.602	0.593	0.586	
0 classes, kappa=0.650   0.000	0.608	0.572	0.597	0.593	0.580	0.568	0.577	
0 classes, kappa=0.700   0.000	0.584	0.543	0.560	0.551	0.536	0.527	0.550	
0 classes, kappa=0.750   0.000	0.562	0.522	0.566	0.570	0.578	0.566	0.576	
0 classes, kappa=0.800   0.000	0.476	0.463	0.530	0.551	0.577	0.583	0.589	
0 classes, kappa=0.850   0.000	0.322	0.322	0.403	0.420	0.491	0.502	0.573	
0 classes, kappa=0.900   0.000	0.149	0.160	0.223	0.249	0.336	0.368	0.523	
0 classes, kappa=0.950   0.000	0.031	0.033	0.062	0.072	0.137	0.161	0.418	
0 classes, kappa=1.000   0.000	0.000	0.008	0.011	0.017	0.037	0.042	0.082	
3 classes, kappa=0.050   0.000	10.161	12.206	16.729	19.281	24.308	26.172	36.393	
3 classes, kappa=0.100   0.000	8.738	10.431	14.683	16.823	21.804	23.490	33.874	
3 classes, kappa=0.150   0.000	7.297	8.443	12.496	13.909	18.900	20.208	30.391	
3 classes, kappa=0.200   0.000	6.197	7.038	10.815	11.856	16.704	17.766	27.708	
3 classes, kappa=0.250   0.000	5.306	6.030	9.414	10.283	14.839	15.765	25.474	
3 classes, kappa=0.300   0.000	4.704	5.319	8.354	9.112	13.313	14.150	23.465	
3 classes, kappa=0.350   0.000	4.139	4.705	7.390	8.067	11.900	12.660	21.642	
3 classes, kappa=0.400   0.000	3.691	4.198	6.557	7.194	10.616	11.332	19.758	
3 classes, kappa=0.450   0.000	3.290	3.776	5.811	6.407	9.437	10.099	18.015	
3 classes, kappa=0.500   0.000	2.963	3.381	5.170	5.716	8.362	8.982	16.260	
3 classes, kappa=0.550   0.000	2.616	3.040	4.607	5.125	7.411	7.996	14.567	
3 classes, kappa=0.600   0.000	2.419	2.865	4.227	4.769	6.698	7.271	13.020	
3 classes, kappa=0.650   0.000	2.268	2.714	3.894	4.469	6.084	6.641	11.584	
3 classes, kappa=0.700   0.000	2.152	2.585	3.608	4.182	5.515	6.056	10.164	
3 classes, kappa=0.750   0.000	1.736	2.105	2.951	3.425	4.552	5.061	8.587	
3 classes, kappa=0.800   0.000	1.074	1.318	1.937	2.261	3.201	3.639	6.778	
3 classes, kappa=0.850   0.000	0.443	0.563	0.926	1.116	1.815	2.140	4.890	
3 classes, kappa=0.900   0.000	0.097	0.133	0.267	0.353	0.728	0.922	3.076	
3 classes, kappa=0.950   0.000	0.005	0.009	0.030	0.049	0.168	0.238	1.529	
3 classes, kappa=1.000   0.000	0.000	0.001	0.002	0.003	0.026	0.037	0.559	
