3 classes, kappa=0.000   0.000	16.869	20.763	25.637	30.508	33.947	38.802	46.463	
3 classes, kappa=0.050   0.000	14.637	18.207	22.819	27.563	31.092	35.754	44.016	
3 classes, kappa=0.100   0.000	12.595	15.746	19.861	24.105	27.608	31.933	40.522	
3 classes, kappa=0.150   0.000	10.416	13.126	16.763	20.499	23.947	27.945	36.874	
3 classes, kappa=0.200   0.000	8.980	11.374	14.710	17.979	21.336	24.933	33.958	
3 classes, kappa=0.250   0.000	7.368	9.555	12.567	15.503	18.815	22.045	31.144	
3 classes, kappa=0.300   0.000	6.427	8.178	10.798	13.262	16.438	19.245	28.403	
3 classes, kappa=0.350   0.000	5.328	6.836	9.156	11.348	14.421	16.924	26.031	
3 classes, kappa=0.400   0.000	4.356	5.546	7.604	9.429	12.330	14.470	23.431	
3 classes, kappa=0.450   0.000	3.475	4.534	6.362	7.906	10.608	12.486	21.208	
3 classes, kappa=0.500   0.000	2.557	3.411	4.943	6.216	8.714	10.372	18.881	
3 classes, kappa=0.550   0.000	1.845	2.501	3.722	4.755	6.967	8.390	16.557	
3 classes, kappa=0.600   0.000	1.362	1.838	2.835	3.665	5.660	6.881	14.554	
3 classes, kappa=0.650   0.000	0.917	1.225	1.953	2.519	4.180	5.147	12.309	
3 classes, kappa=0.700   0.000	0.523	0.741	1.276	1.699	3.049	3.805	10.340	
3 classes, kappa=0.750   0.000	0.275	0.407	0.767	1.043	2.065	2.648	8.488	
3 classes, kappa=0.800   0.000	0.135	0.199	0.406	0.574	1.309	1.700	6.582	
3 classes, kappa=0.850   0.000	0.044	0.066	0.151	0.255	0.714	0.977	4.805	
3 classes, kappa=0.900   0.000	0.003	0.020	0.063	0.102	0.327	0.491	3.261	
3 classes, kappa=0.950   0.000	0.000	0.000	0.008	0.009	0.079	0.122	1.751	
3 classes, kappa=1.000   0.000	0.000	0.000	0.000	0.005	0.023	0.034	0.681	
6 classes, kappa=0.000   0.000	2.409	2.058	1.939	1.858	1.658	1.485	1.169	
6 classes, kappa=0.050   0.000	1.876	1.850	1.871	1.900	1.822	1.725	1.464	
6 classes, kappa=0.100   0.000	1.803	1.737	1.815	1.857	1.782	1.726	1.500	
6 classes, kappa=0.150   0.000	1.545	1.484	1.492	1.526	1.464	1.502	1.271	
6 classes, kappa=0.200   0.000	1.539	1.480	1.577	1.628	1.568	1.597	1.399	
6 classes, kappa=0.250   0.000	1.322	1.227	1.315	1.352	1.244	1.264	1.098	
6 classes, kappa=0.300   0.000	1.281	1.169	1.208	1.212	1.142	1.144	1.034	
6 classes, kappa=0.350   0.000	1.159	1.100	1.180	1.162	1.130	1.119	0.972	
6 classes, kappa=0.400   0.000	0.938	0.887	0.909	0.906	0.913	0.912	0.878	
6 classes, kappa=0.450   0.000	0.808	0.871	0.939	0.933	0.892	0.932	0.886	
6 classes, kappa=0.500   0.000	0.709	0.740	0.840	0.884	0.914	0.927	0.858	
6 classes, kappa=0.550   0.000	0.708	0.666	0.764	0.836	0.808	0.875	0.909	
6 classes, kappa=0.600   0.000	0.589	0.571	0.692	0.727	0.785	0.810	0.754	
6 classes, kappa=0.650   0.000	0.482	0.452	0.543	0.562	0.624	0.643	0.744	
6 classes, kappa=0.700   0.000	0.366	0.395	0.499	0.521	0.568	0.612	0.709	
6 classes, kappa=0.750   0.000	0.271	0.289	0.340	0.385	0.484	0.537	0.654	
6 classes, kappa=0.800   0.000	0.178	0.179	0.236	0.272	0.362	0.390	0.588	
6 classes, kappa=0.850   0.000	0.118	0.122	0.161	0.189	0.315	0.340	0.617	
6 classes, kappa=0.900   0.000	0.023	0.059	0.090	0.115	0.204	0.243	0.575	
6 classes, kappa=0.950   0.000	0.000	0.000	0.029	0.024	0.077	0.089	0.390	
6 classes, kappa=1.000   0.000	0.000	0.000	0.000	0.019	0.041	0.039	0.196	
