3 classes, kappa=0.000   0.000	17.982	22.047	27.067	32.122	35.517	40.340	47.561	
3 classes, kappa=0.050   0.000	16.718	20.528	25.342	30.167	33.595	38.168	45.917	
3 classes, kappa=0.100   0.000	15.043	18.424	22.817	27.355	30.674	34.989	43.113	
3 classes, kappa=0.150   0.000	13.422	16.536	20.528	24.713	27.964	31.958	40.311	
3 classes, kappa=0.200   0.000	11.634	14.550	18.281	22.171	25.332	29.099	37.543	
3 classes, kappa=0.250   0.000	9.874	12.428	15.712	19.174	22.286	25.830	34.500	
3 classes, kappa=0.300   0.000	8.446	10.577	13.556	16.668	19.710	22.952	31.717	
3 classes, kappa=0.350   0.000	6.862	8.711	11.323	14.081	17.061	20.057	28.968	
3 classes, kappa=0.400   0.000	5.421	6.918	9.258	11.541	14.497	17.094	26.036	
3 classes, kappa=0.450   0.000	4.372	5.622	7.597	9.596	12.344	14.699	23.453	
3 classes, kappa=0.500   0.000	3.337	4.427	6.122	7.736	10.326	12.271	20.790	
3 classes, kappa=0.550   0.000	2.730	3.518	4.931	6.202	8.555	10.172	18.328	
3 classes, kappa=0.600   0.000	1.680	2.402	3.610	4.625	6.804	8.136	15.971	
3 classes, kappa=0.650   0.000	1.137	1.558	2.528	3.233	5.127	6.155	13.448	
3 classes, kappa=0.700   0.000	0.739	1.005	1.681	2.172	3.760	4.538	11.204	
3 classes, kappa=0.750   0.000	0.450	0.606	1.076	1.422	2.663	3.264	9.165	
3 classes, kappa=0.800   0.000	0.181	0.272	0.554	0.750	1.655	2.059	7.050	
3 classes, kappa=0.850   0.000	0.085	0.119	0.255	0.345	0.941	1.187	5.272	
3 classes, kappa=0.900   0.000	0.014	0.020	0.063	0.092	0.385	0.506	3.435	
3 classes, kappa=0.950   0.000	0.000	0.002	0.010	0.018	0.090	0.134	1.772	
3 classes, kappa=1.000   0.000	0.000	0.000	0.000	0.000	0.004	0.018	0.700	
6 classes, kappa=0.000   0.000	1.802	1.342	1.444	1.217	1.129	0.944	0.883	
6 classes, kappa=0.050   0.000	1.609	1.510	1.412	1.419	1.274	1.225	1.126	
6 classes, kappa=0.100   0.000	1.712	1.451	1.432	1.307	1.229	1.186	1.004	
6 classes, kappa=0.150   0.000	1.537	1.401	1.351	1.333	1.247	1.219	1.062	
6 classes, kappa=0.200   0.000	1.360	1.242	1.262	1.259	1.202	1.153	0.978	
6 classes, kappa=0.250   0.000	1.733	1.574	1.593	1.544	1.412	1.353	1.065	
6 classes, kappa=0.300   0.000	1.413	1.324	1.301	1.296	1.198	1.185	1.011	
6 classes, kappa=0.350   0.000	1.251	1.138	1.192	1.201	1.143	1.101	0.926	
6 classes, kappa=0.400   0.000	1.260	1.176	1.201	1.180	1.092	1.076	0.937	
6 classes, kappa=0.450   0.000	0.955	0.884	0.971	1.009	0.973	1.020	0.940	
6 classes, kappa=0.500   0.000	0.895	0.908	0.968	0.940	0.934	0.961	0.822	
6 classes, kappa=0.550   0.000	0.843	0.821	0.860	0.840	0.853	0.884	0.850	
6 classes, kappa=0.600   0.000	0.547	0.574	0.659	0.730	0.748	0.802	0.778	
6 classes, kappa=0.650   0.000	0.489	0.524	0.605	0.653	0.724	0.738	0.805	
6 classes, kappa=0.700   0.000	0.435	0.432	0.472	0.500	0.569	0.616	0.741	
6 classes, kappa=0.750   0.000	0.330	0.351	0.453	0.473	0.552	0.568	0.687	
6 classes, kappa=0.800   0.000	0.215	0.259	0.318	0.339	0.474	0.460	0.734	
6 classes, kappa=0.850   0.000	0.157	0.179	0.211	0.234	0.347	0.366	0.648	
6 classes, kappa=0.900   0.000	0.052	0.056	0.095	0.108	0.200	0.225	0.554	
6 classes, kappa=0.950   0.000	0.000	0.012	0.032	0.049	0.098	0.123	0.439	
6 classes, kappa=1.000   0.000	0.000	0.000	0.000	0.000	0.014	0.028	0.203	
