3 classes, kappa=0.000   0.000	18.583	22.604	27.348	32.677	36.021	39.899	47.755	
3 classes, kappa=0.050   0.000	15.654	19.354	24.002	28.974	32.533	36.534	44.858	
3 classes, kappa=0.100   0.000	14.375	17.743	21.875	26.450	29.819	33.567	42.202	
3 classes, kappa=0.150   0.000	13.754	16.689	20.610	24.747	27.929	31.458	39.883	
3 classes, kappa=0.200   0.000	12.931	15.869	19.477	23.496	26.355	29.665	37.539	
3 classes, kappa=0.250   0.000	11.647	14.260	17.686	21.315	24.085	27.362	34.849	
3 classes, kappa=0.300   0.000	9.899	12.290	15.376	18.697	21.399	24.673	32.096	
3 classes, kappa=0.350   0.000	8.449	10.434	13.335	16.246	18.912	21.971	29.391	
3 classes, kappa=0.400   0.000	6.897	8.756	11.309	13.809	16.406	19.219	26.612	
3 classes, kappa=0.450   0.000	5.500	7.083	9.347	11.543	13.978	16.621	23.847	
3 classes, kappa=0.500   0.000	4.204	5.429	7.219	9.053	11.360	13.755	20.999	
3 classes, kappa=0.550   0.000	2.771	3.801	5.405	7.011	9.163	11.247	18.340	
3 classes, kappa=0.600   0.000	2.250	2.983	4.159	5.374	7.296	9.015	15.699	
3 classes, kappa=0.650   0.000	1.763	2.325	3.157	3.976	5.603	6.990	13.315	
3 classes, kappa=0.700   0.000	1.052	1.409	2.066	2.754	4.076	5.175	11.098	
3 classes, kappa=0.750   0.000	0.497	0.722	1.236	1.613	2.763	3.482	8.652	
3 classes, kappa=0.800   0.000	0.251	0.441	0.704	0.977	1.764	2.328	6.747	
3 classes, kappa=0.850   0.000	0.109	0.184	0.334	0.484	0.970	1.353	4.918	
3 classes, kappa=0.900   0.000	0.039	0.056	0.127	0.196	0.485	0.689	3.191	
3 classes, kappa=0.950   0.000	0.000	0.000	0.009	0.011	0.099	0.127	1.593	
3 classes, kappa=1.000   0.000	0.000	0.000	0.000	0.000	0.000	0.000	0.000	
6 classes, kappa=0.000   0.000	3.175	2.478	2.328	2.084	1.797	1.731	1.301	
6 classes, kappa=0.050   0.000	2.636	2.474	2.367	2.115	1.931	1.864	1.580	
6 classes, kappa=0.100   0.000	2.368	2.095	1.850	1.731	1.487	1.413	1.386	
6 classes, kappa=0.150   0.000	2.600	2.151	2.108	1.958	1.757	1.718	1.375	
6 classes, kappa=0.200   0.000	2.157	1.876	1.858	1.680	1.517	1.446	1.295	
6 classes, kappa=0.250   0.000	2.199	1.948	1.800	1.619	1.491	1.301	1.246	
6 classes, kappa=0.300   0.000	2.381	2.095	2.002	1.826	1.675	1.521	1.196	
6 classes, kappa=0.350   0.000	1.825	1.569	1.613	1.509	1.427	1.296	1.215	
6 classes, kappa=0.400   0.000	1.741	1.670	1.622	1.549	1.426	1.352	1.218	
6 classes, kappa=0.450   0.000	1.536	1.387	1.419	1.391	1.348	1.323	1.086	
6 classes, kappa=0.500   0.000	1.270	1.318	1.331	1.309	1.264	1.209	0.981	
6 classes, kappa=0.550   0.000	1.284	1.197	1.343	1.369	1.302	1.332	0.981	
6 classes, kappa=0.600   0.000	1.253	1.185	1.203	1.260	1.180	1.206	1.022	
6 classes, kappa=0.650   0.000	1.003	0.960	0.974	0.927	0.954	0.924	0.805	
6 classes, kappa=0.700   0.000	0.751	0.752	0.879	0.899	0.978	0.925	0.848	
6 classes, kappa=0.750   0.000	0.525	0.511	0.603	0.626	0.709	0.746	0.826	
6 classes, kappa=0.800   0.000	0.336	0.432	0.489	0.524	0.615	0.676	0.748	
6 classes, kappa=0.850   0.000	0.245	0.257	0.346	0.360	0.445	0.473	0.709	
6 classes, kappa=0.900   0.000	0.143	0.153	0.206	0.241	0.344	0.385	0.602	
6 classes, kappa=0.950   0.000	0.000	0.000	0.037	0.046	0.123	0.129	0.271	
6 classes, kappa=1.000   0.000	0.000	0.000	0.000	0.000	0.000	0.000	0.000	
