3 classes, kappa=0.000   0.000	18.062	21.799	27.390	32.352	35.670	40.590	47.472	
3 classes, kappa=0.050   0.000	15.827	19.519	24.384	29.204	32.717	37.305	45.110	
3 classes, kappa=0.100   0.000	13.397	16.928	21.299	25.667	29.300	33.660	41.966	
3 classes, kappa=0.150   0.000	12.163	15.276	19.328	23.274	26.654	30.813	39.148	
3 classes, kappa=0.200   0.000	11.062	13.983	17.827	21.409	24.711	28.527	36.638	
3 classes, kappa=0.250   0.000	9.809	12.436	15.931	19.092	22.259	25.895	33.833	
3 classes, kappa=0.300   0.000	8.256	10.341	13.473	16.307	19.404	22.851	31.043	
3 classes, kappa=0.350   0.000	6.782	8.752	11.646	14.207	17.225	20.401	28.386	
3 classes, kappa=0.400   0.000	6.051	7.565	10.059	12.247	15.076	17.935	25.794	
3 classes, kappa=0.450   0.000	4.647	5.979	8.100	9.952	12.631	15.180	23.040	
3 classes, kappa=0.500   0.000	3.898	4.862	6.627	8.232	10.679	12.976	20.583	
3 classes, kappa=0.550   0.000	2.926	3.763	5.237	6.566	8.782	10.682	18.073	
3 classes, kappa=0.600   0.000	2.222	2.885	4.115	5.176	7.157	8.767	15.959	
3 classes, kappa=0.650   0.000	1.513	1.959	2.863	3.660	5.418	6.743	13.554	
3 classes, kappa=0.700   0.000	0.809	1.154	1.854	2.437	3.847	4.883	11.242	
3 classes, kappa=0.750   0.000	0.450	0.641	1.050	1.424	2.605	3.362	9.196	
3 classes, kappa=0.800   0.000	0.273	0.349	0.630	0.875	1.690	2.242	7.094	
3 classes, kappa=0.850   0.000	0.043	0.088	0.213	0.291	0.812	1.131	5.198	
3 classes, kappa=0.900   0.000	0.030	0.040	0.077	0.109	0.314	0.491	3.395	
3 classes, kappa=0.950   0.000	0.000	0.000	0.015	0.019	0.083	0.138	1.712	
3 classes, kappa=1.000   0.000	0.000	0.000	0.000	0.000	0.000	0.000	0.000	
6 classes, kappa=0.000   0.000	2.308	2.319	2.129	2.081	1.695	1.566	1.523	
6 classes, kappa=0.050   0.000	2.579	2.050	1.990	1.838	1.699	1.636	1.425	
6 classes, kappa=0.100   0.000	2.396	2.140	2.069	1.914	1.719	1.524	1.373	
6 classes, kappa=0.150   0.000	2.225	2.021	1.958	1.755	1.606	1.446	1.169	
6 classes, kappa=0.200   0.000	2.079	1.875	1.794	1.588	1.457	1.382	1.217	
6 classes, kappa=0.250   0.000	2.120	1.798	1.731	1.583	1.461	1.388	1.126	
6 classes, kappa=0.300   0.000	1.759	1.584	1.533	1.416	1.364	1.297	1.161	
6 classes, kappa=0.350   0.000	1.683	1.592	1.568	1.513	1.365	1.293	1.195	
6 classes, kappa=0.400   0.000	1.848	1.703	1.737	1.675	1.537	1.457	1.275	
6 classes, kappa=0.450   0.000	1.690	1.640	1.606	1.625	1.465	1.413	1.114	
6 classes, kappa=0.500   0.000	1.406	1.302	1.331	1.237	1.218	1.133	1.050	
6 classes, kappa=0.550   0.000	1.201	1.198	1.224	1.228	1.172	1.230	0.981	
6 classes, kappa=0.600   0.000	1.127	1.013	1.158	1.105	1.112	1.101	0.944	
6 classes, kappa=0.650   0.000	0.930	0.826	0.896	0.884	0.921	0.924	0.930	
6 classes, kappa=0.700   0.000	0.732	0.807	0.908	0.918	0.949	0.955	0.897	
6 classes, kappa=0.750   0.000	0.615	0.616	0.680	0.731	0.774	0.837	0.819	
6 classes, kappa=0.800   0.000	0.459	0.469	0.585	0.605	0.680	0.718	0.746	
6 classes, kappa=0.850   0.000	0.184	0.276	0.367	0.386	0.464	0.508	0.719	
6 classes, kappa=0.900   0.000	0.143	0.151	0.179	0.183	0.243	0.293	0.580	
6 classes, kappa=0.950   0.000	0.000	0.000	0.060	0.053	0.093	0.115	0.290	
6 classes, kappa=1.000   0.000	0.000	0.000	0.000	0.000	0.000	0.000	0.000	
