5 classes, kappa=0.000   0.000	13.720	17.817	22.487	26.667	30.850	35.602	46.343	
5 classes, kappa=0.050   0.000	12.139	15.814	20.118	24.013	28.152	32.638	43.593	
5 classes, kappa=0.100   0.000	9.957	13.147	16.905	20.332	24.191	28.117	39.054	
5 classes, kappa=0.150   0.000	9.347	12.223	15.587	18.677	22.127	25.686	36.034	
5 classes, kappa=0.200   0.000	8.411	10.956	14.138	16.953	20.227	23.443	33.240	
5 classes, kappa=0.250   0.000	7.577	9.838	12.709	15.258	18.315	21.291	30.652	
5 classes, kappa=0.300   0.000	6.486	8.467	11.100	13.320	16.258	19.020	28.082	
5 classes, kappa=0.350   0.000	5.724	7.390	9.788	11.791	14.637	17.177	25.886	
5 classes, kappa=0.400   0.000	4.702	6.087	8.180	9.882	12.577	14.952	23.421	
5 classes, kappa=0.450   0.000	3.785	4.969	6.750	8.221	10.741	12.874	21.022	
5 classes, kappa=0.500   0.000	2.949	3.913	5.497	6.742	9.091	11.031	18.904	
5 classes, kappa=0.550   0.000	2.234	2.937	4.224	5.221	7.345	9.107	16.764	
5 classes, kappa=0.600   0.000	1.603	2.133	3.200	4.027	5.929	7.430	14.618	
5 classes, kappa=0.650   0.000	1.044	1.426	2.199	2.824	4.448	5.726	12.570	
5 classes, kappa=0.700   0.000	0.708	0.958	1.540	2.002	3.320	4.352	10.520	
5 classes, kappa=0.750   0.000	0.350	0.498	0.879	1.204	2.230	3.031	8.563	
5 classes, kappa=0.800   0.000	0.147	0.223	0.433	0.631	1.382	1.943	6.698	
5 classes, kappa=0.850   0.000	0.050	0.082	0.185	0.280	0.750	1.107	4.968	
5 classes, kappa=0.900   0.000	0.015	0.023	0.060	0.101	0.328	0.518	3.243	
5 classes, kappa=0.950   0.000	0.000	0.000	0.003	0.010	0.065	0.119	1.566	
5 classes, kappa=1.000   0.000	0.014	0.014	0.014	0.014	0.019	0.025	0.480	
10 classes, kappa=0.000   0.000	1.069	1.140	1.209	1.260	1.199	1.371	1.152	
10 classes, kappa=0.050   0.000	1.458	1.633	1.806	1.949	1.985	2.180	1.919	
10 classes, kappa=0.100   0.000	0.968	0.985	1.075	1.157	1.194	1.344	1.295	
10 classes, kappa=0.150   0.000	0.946	0.974	0.984	1.012	1.054	1.155	1.170	
10 classes, kappa=0.200   0.000	0.855	0.853	0.914	0.943	0.951	1.008	1.025	
10 classes, kappa=0.250   0.000	0.845	0.883	0.903	0.932	0.932	0.974	0.949	
10 classes, kappa=0.300   0.000	0.700	0.765	0.812	0.850	0.846	0.920	0.866	
10 classes, kappa=0.350   0.000	0.708	0.702	0.739	0.805	0.821	0.841	0.828	
10 classes, kappa=0.400   0.000	0.557	0.566	0.583	0.614	0.642	0.685	0.761	
10 classes, kappa=0.450   0.000	0.582	0.579	0.599	0.632	0.653	0.645	0.716	
10 classes, kappa=0.500   0.000	0.525	0.477	0.518	0.545	0.572	0.598	0.638	
10 classes, kappa=0.550   0.000	0.459	0.493	0.542	0.573	0.581	0.602	0.660	
10 classes, kappa=0.600   0.000	0.450	0.455	0.501	0.529	0.570	0.602	0.660	
10 classes, kappa=0.650   0.000	0.313	0.342	0.416	0.453	0.512	0.539	0.592	
10 classes, kappa=0.700   0.000	0.259	0.252	0.307	0.343	0.407	0.469	0.596	
10 classes, kappa=0.750   0.000	0.233	0.234	0.286	0.326	0.395	0.446	0.635	
10 classes, kappa=0.800   0.000	0.110	0.143	0.187	0.219	0.301	0.383	0.615	
10 classes, kappa=0.850   0.000	0.061	0.064	0.097	0.116	0.198	0.243	0.515	
10 classes, kappa=0.900   0.000	0.043	0.040	0.067	0.073	0.127	0.178	0.466	
10 classes, kappa=0.950   0.000	0.000	0.000	0.009	0.013	0.048	0.073	0.468	
10 classes, kappa=1.000   0.000	0.058	0.058	0.058	0.058	0.058	0.059	0.189	
