5 classes, kappa=0.000   0.000	19.567	26.278	32.085	36.317	40.401	46.848	55.916	
5 classes, kappa=0.050   0.000	17.592	23.173	28.521	32.984	37.065	43.240	52.981	
5 classes, kappa=0.100   0.000	15.440	20.431	25.160	29.106	33.033	38.808	48.624	
5 classes, kappa=0.150   0.000	14.586	19.058	23.444	27.084	30.749	36.124	45.443	
5 classes, kappa=0.200   0.000	13.787	18.010	21.993	25.301	28.792	33.893	42.644	
5 classes, kappa=0.250   0.000	12.611	16.526	20.214	23.367	26.686	31.687	40.041	
5 classes, kappa=0.300   0.000	11.048	14.519	17.940	20.874	24.150	29.010	37.179	
5 classes, kappa=0.350   0.000	9.469	12.501	15.546	18.307	21.484	26.178	34.189	
5 classes, kappa=0.400   0.000	7.873	10.465	13.205	15.770	18.762	23.223	31.396	
5 classes, kappa=0.450   0.000	6.505	8.713	11.062	13.299	16.114	20.199	28.407	
5 classes, kappa=0.500   0.000	5.254	6.985	8.930	10.894	13.448	17.114	25.299	
5 classes, kappa=0.550   0.000	4.092	5.478	7.112	8.801	11.115	14.382	22.365	
5 classes, kappa=0.600   0.000	3.190	4.220	5.591	7.018	9.128	11.975	19.723	
5 classes, kappa=0.650   0.000	2.389	3.099	4.141	5.264	7.106	9.475	16.928	
5 classes, kappa=0.700   0.000	1.654	2.144	2.935	3.775	5.305	7.238	14.187	
5 classes, kappa=0.750   0.000	1.132	1.444	1.948	2.526	3.763	5.178	11.526	
5 classes, kappa=0.800   0.000	0.893	1.013	1.335	1.676	2.606	3.619	9.212	
5 classes, kappa=0.850   0.000	0.639	0.687	0.831	1.012	1.595	2.237	6.792	
5 classes, kappa=0.900   0.000	0.580	0.599	0.648	0.713	1.029	1.342	4.599	
5 classes, kappa=0.950   0.000	0.552	0.555	0.560	0.570	0.640	0.737	2.487	
5 classes, kappa=1.000   0.000	0.552	0.552	0.552	0.555	0.570	0.584	1.131	
10 classes, kappa=0.000   0.000	1.759	1.433	1.634	1.542	1.413	1.581	1.704	
10 classes, kappa=0.050   0.000	1.539	1.756	1.852	1.870	1.867	2.004	1.644	
10 classes, kappa=0.100   0.000	1.455	1.397	1.356	1.299	1.284	1.378	1.260	
10 classes, kappa=0.150   0.000	1.425	1.360	1.259	1.206	1.177	1.231	1.071	
10 classes, kappa=0.200   0.000	1.278	1.173	1.138	1.121	1.086	1.045	0.975	
10 classes, kappa=0.250   0.000	1.387	1.337	1.264	1.227	1.175	1.126	1.084	
10 classes, kappa=0.300   0.000	1.356	1.233	1.204	1.144	1.138	1.111	1.011	
10 classes, kappa=0.350   0.000	1.102	1.138	1.170	1.152	1.118	1.145	1.069	
10 classes, kappa=0.400   0.000	1.125	1.122	1.175	1.174	1.168	1.159	0.999	
10 classes, kappa=0.450   0.000	0.969	1.052	1.084	1.099	1.103	1.149	1.041	
10 classes, kappa=0.500   0.000	0.785	0.830	0.857	0.905	0.932	0.965	0.979	
10 classes, kappa=0.550   0.000	0.828	0.900	0.976	0.951	0.943	0.974	0.867	
10 classes, kappa=0.600   0.000	0.725	0.784	0.796	0.806	0.827	0.894	0.856	
10 classes, kappa=0.650   0.000	0.577	0.665	0.711	0.758	0.824	0.866	0.931	
10 classes, kappa=0.700   0.000	0.454	0.520	0.580	0.637	0.676	0.781	0.827	
10 classes, kappa=0.750   0.000	0.329	0.333	0.399	0.448	0.514	0.578	0.773	
10 classes, kappa=0.800   0.000	0.277	0.290	0.365	0.399	0.523	0.593	0.699	
10 classes, kappa=0.850   0.000	0.157	0.145	0.196	0.222	0.294	0.387	0.620	
10 classes, kappa=0.900   0.000	0.075	0.083	0.107	0.128	0.217	0.291	0.632	
10 classes, kappa=0.950   0.000	0.000	0.014	0.025	0.036	0.080	0.138	0.624	
10 classes, kappa=1.000   0.000	0.000	0.000	0.000	0.009	0.028	0.037	0.226	
