5 classes, kappa=0.000   0.000	10.907	14.708	19.036	23.142	27.882	35.237	44.969	
5 classes, kappa=0.050   0.000	9.729	13.061	16.768	20.368	24.745	31.304	41.135	
5 classes, kappa=0.100   0.000	8.396	11.047	14.170	17.140	20.913	26.400	36.148	
5 classes, kappa=0.150   0.000	7.658	10.050	12.866	15.505	18.966	23.638	33.137	
5 classes, kappa=0.200   0.000	7.029	9.071	11.665	14.019	17.275	21.422	30.812	
5 classes, kappa=0.250   0.000	6.501	8.358	10.712	12.788	15.880	19.530	28.667	
5 classes, kappa=0.300   0.000	5.767	7.374	9.557	11.421	14.371	17.607	26.718	
5 classes, kappa=0.350   0.000	5.225	6.539	8.493	10.105	12.827	15.752	24.619	
5 classes, kappa=0.400   0.000	4.246	5.389	7.106	8.581	11.174	13.797	22.600	
5 classes, kappa=0.450   0.000	3.633	4.549	5.992	7.238	9.549	11.922	20.602	
5 classes, kappa=0.500   0.000	2.936	3.720	4.991	6.083	8.228	10.355	18.607	
5 classes, kappa=0.550   0.000	2.171	2.664	3.654	4.522	6.435	8.259	16.365	
5 classes, kappa=0.600   0.000	1.715	2.069	2.868	3.587	5.285	6.852	14.491	
5 classes, kappa=0.650   0.000	1.290	1.513	2.096	2.638	4.070	5.399	12.494	
5 classes, kappa=0.700   0.000	1.172	1.312	1.739	2.114	3.236	4.210	10.761	
5 classes, kappa=0.750   0.000	0.875	0.934	1.185	1.438	2.299	3.048	8.882	
5 classes, kappa=0.800   0.000	0.786	0.821	0.937	1.083	1.622	2.146	7.033	
5 classes, kappa=0.850   0.000	0.736	0.739	0.791	0.862	1.182	1.529	5.408	
5 classes, kappa=0.900   0.000	0.735	0.734	0.757	0.777	0.929	1.107	3.838	
5 classes, kappa=0.950   0.000	0.730	0.730	0.735	0.739	0.775	0.834	2.410	
5 classes, kappa=1.000   0.000	0.730	0.730	0.730	0.733	0.744	0.770	1.417	
10 classes, kappa=0.000   0.000	2.314	2.751	3.076	3.139	3.208	3.191	2.729	
10 classes, kappa=0.050   0.000	2.071	2.397	2.702	2.888	3.064	3.350	3.068	
10 classes, kappa=0.100   0.000	1.594	1.701	1.907	1.959	2.052	2.234	2.089	
10 classes, kappa=0.150   0.000	1.162	1.233	1.274	1.299	1.365	1.514	1.500	
10 classes, kappa=0.200   0.000	1.126	1.143	1.221	1.271	1.303	1.472	1.419	
10 classes, kappa=0.250   0.000	1.087	0.974	0.977	0.980	0.962	1.046	1.178	
10 classes, kappa=0.300   0.000	1.098	1.010	1.009	0.999	1.002	1.050	0.947	
10 classes, kappa=0.350   0.000	1.036	0.988	1.008	0.974	0.972	0.946	0.973	
10 classes, kappa=0.400   0.000	0.766	0.712	0.708	0.704	0.721	0.771	0.822	
10 classes, kappa=0.450   0.000	0.683	0.624	0.684	0.667	0.707	0.745	0.815	
10 classes, kappa=0.500   0.000	0.688	0.737	0.818	0.856	0.873	0.879	0.776	
10 classes, kappa=0.550   0.000	0.536	0.557	0.623	0.645	0.671	0.719	0.691	
10 classes, kappa=0.600   0.000	0.536	0.594	0.628	0.669	0.669	0.712	0.706	
10 classes, kappa=0.650   0.000	0.411	0.394	0.409	0.426	0.512	0.540	0.586	
10 classes, kappa=0.700   0.000	0.410	0.401	0.504	0.554	0.626	0.659	0.692	
10 classes, kappa=0.750   0.000	0.189	0.193	0.260	0.299	0.437	0.494	0.604	
10 classes, kappa=0.800   0.000	0.118	0.145	0.178	0.215	0.293	0.379	0.625	
10 classes, kappa=0.850   0.000	0.045	0.042	0.080	0.110	0.224	0.262	0.537	
10 classes, kappa=0.900   0.000	0.035	0.029	0.056	0.068	0.139	0.169	0.514	
10 classes, kappa=0.950   0.000	0.000	0.000	0.019	0.023	0.052	0.070	0.389	
10 classes, kappa=1.000   0.000	0.000	0.000	0.000	0.011	0.025	0.034	0.194	
