5 classes, kappa=0.000   0.000	16.812	22.315	27.477	31.977	36.892	44.116	52.091	
5 classes, kappa=0.050   0.000	15.962	21.020	25.914	30.248	34.878	41.750	50.072	
5 classes, kappa=0.100   0.000	13.671	17.991	22.446	26.480	30.882	37.291	46.340	
5 classes, kappa=0.150   0.000	11.812	15.482	19.457	23.162	27.308	33.179	42.904	
5 classes, kappa=0.200   0.000	9.716	12.954	16.458	19.940	23.967	29.459	39.650	
5 classes, kappa=0.250   0.000	8.342	11.005	14.038	17.198	20.942	26.062	36.627	
5 classes, kappa=0.300   0.000	6.458	8.712	11.438	14.303	17.865	22.545	33.459	
5 classes, kappa=0.350   0.000	5.339	7.201	9.535	12.027	15.453	19.652	30.521	
5 classes, kappa=0.400   0.000	4.450	5.858	7.823	9.969	13.173	16.953	27.928	
5 classes, kappa=0.450   0.000	3.467	4.576	6.236	8.075	10.983	14.340	25.019	
5 classes, kappa=0.500   0.000	2.739	3.608	4.967	6.455	9.041	11.959	22.378	
5 classes, kappa=0.550   0.000	2.069	2.648	3.750	4.873	7.231	9.704	19.771	
5 classes, kappa=0.600   0.000	1.558	2.063	2.885	3.766	5.802	7.793	17.159	
5 classes, kappa=0.650   0.000	1.302	1.606	2.277	2.919	4.648	6.234	14.937	
5 classes, kappa=0.700   0.000	1.085	1.257	1.655	2.123	3.417	4.690	12.609	
5 classes, kappa=0.750   0.000	0.886	0.959	1.223	1.521	2.524	3.482	10.394	
5 classes, kappa=0.800   0.000	0.786	0.816	0.953	1.112	1.775	2.399	8.274	
5 classes, kappa=0.850   0.000	0.757	0.765	0.829	0.891	1.301	1.668	6.327	
5 classes, kappa=0.900   0.000	0.740	0.738	0.754	0.776	0.963	1.132	4.328	
5 classes, kappa=0.950   0.000	0.730	0.730	0.731	0.734	0.778	0.850	2.637	
5 classes, kappa=1.000   0.000	0.730	0.730	0.730	0.730	0.733	0.740	1.422	
10 classes, kappa=0.000   0.000	2.137	2.530	2.589	2.601	2.518	2.440	1.910	
10 classes, kappa=0.050   0.000	1.984	2.150	2.228	2.270	2.262	2.272	1.921	
10 classes, kappa=0.100   0.000	1.777	1.889	1.918	1.852	1.844	1.848	1.511	
10 classes, kappa=0.150   0.000	1.498	1.481	1.596	1.594	1.583	1.602	1.346	
10 classes, kappa=0.200   0.000	1.414	1.446	1.426	1.370	1.374	1.349	1.172	
10 classes, kappa=0.250   0.000	1.220	1.209	1.264	1.215	1.209	1.187	1.145	
10 classes, kappa=0.300   0.000	1.056	1.115	1.159	1.178	1.177	1.217	1.104	
10 classes, kappa=0.350   0.000	1.138	1.180	1.224	1.260	1.307	1.320	1.075	
10 classes, kappa=0.400   0.000	1.058	1.036	1.032	1.027	1.037	1.024	1.001	
10 classes, kappa=0.450   0.000	0.780	0.825	0.900	0.941	0.980	0.990	1.003	
10 classes, kappa=0.500   0.000	0.716	0.754	0.853	0.879	0.912	0.958	0.963	
10 classes, kappa=0.550   0.000	0.566	0.590	0.658	0.733	0.774	0.772	0.793	
10 classes, kappa=0.600   0.000	0.501	0.570	0.656	0.740	0.853	0.908	0.910	
10 classes, kappa=0.650   0.000	0.400	0.420	0.524	0.536	0.611	0.654	0.804	
10 classes, kappa=0.700   0.000	0.312	0.324	0.393	0.402	0.501	0.565	0.667	
10 classes, kappa=0.750   0.000	0.218	0.229	0.310	0.365	0.483	0.542	0.678	
10 classes, kappa=0.800   0.000	0.114	0.121	0.170	0.200	0.307	0.355	0.699	
10 classes, kappa=0.850   0.000	0.103	0.090	0.131	0.155	0.243	0.279	0.547	
10 classes, kappa=0.900   0.000	0.052	0.038	0.056	0.060	0.141	0.186	0.569	
10 classes, kappa=0.950   0.000	0.000	0.000	0.011	0.016	0.059	0.090	0.516	
10 classes, kappa=1.000   0.000	0.000	0.000	0.000	0.000	0.011	0.023	0.194	
