5 classes, kappa=0.000   0.000	22.165	28.440	33.684	38.225	43.589	51.583	57.600	
5 classes, kappa=0.050   0.000	19.827	26.005	31.101	35.400	40.509	47.953	54.568	
5 classes, kappa=0.100   0.000	17.760	23.044	27.695	31.653	36.458	43.514	50.349	
5 classes, kappa=0.150   0.000	15.778	20.469	24.823	28.552	33.070	39.811	47.081	
5 classes, kappa=0.200   0.000	13.339	17.439	21.324	24.877	29.100	35.418	43.105	
5 classes, kappa=0.250   0.000	11.161	14.598	18.054	21.253	25.280	31.240	39.614	
5 classes, kappa=0.300   0.000	9.311	11.983	15.030	17.950	21.656	27.161	36.103	
5 classes, kappa=0.350   0.000	7.458	9.690	12.258	14.870	18.343	23.476	32.758	
5 classes, kappa=0.400   0.000	6.106	7.938	10.119	12.433	15.555	20.227	29.643	
5 classes, kappa=0.450   0.000	4.695	6.077	7.823	9.832	12.711	16.872	26.472	
5 classes, kappa=0.500   0.000	4.250	5.281	6.725	8.326	10.908	14.429	23.843	
5 classes, kappa=0.550   0.000	3.280	3.990	5.144	6.388	8.561	11.633	20.901	
5 classes, kappa=0.600   0.000	2.688	3.175	4.060	5.059	6.960	9.530	18.501	
5 classes, kappa=0.650   0.000	2.290	2.587	3.210	3.980	5.571	7.637	15.929	
5 classes, kappa=0.700   0.000	1.928	2.146	2.563	3.094	4.374	5.983	13.497	
5 classes, kappa=0.750   0.000	1.774	1.875	2.116	2.429	3.428	4.634	11.449	
5 classes, kappa=0.800   0.000	1.763	1.792	1.917	2.090	2.741	3.552	9.146	
5 classes, kappa=0.850   0.000	1.701	1.692	1.750	1.824	2.246	2.694	7.236	
5 classes, kappa=0.900   0.000	1.667	1.671	1.678	1.696	1.828	2.062	5.278	
5 classes, kappa=0.950   0.000	1.667	1.667	1.667	1.667	1.706	1.765	3.304	
5 classes, kappa=1.000   0.000	1.667	1.667	1.667	1.667	1.667	1.667	1.667	
10 classes, kappa=0.000   0.000	3.347	3.081	2.804	2.492	2.397	1.956	1.250	
10 classes, kappa=0.050   0.000	2.945	2.944	2.893	2.783	2.632	2.449	2.055	
10 classes, kappa=0.100   0.000	2.610	2.572	2.575	2.474	2.392	2.213	2.038	
10 classes, kappa=0.150   0.000	2.416	2.388	2.333	2.260	2.197	2.116	1.803	
10 classes, kappa=0.200   0.000	2.425	2.206	2.210	2.056	1.941	1.847	1.379	
10 classes, kappa=0.250   0.000	2.124	2.040	2.070	1.972	1.933	1.883	1.581	
10 classes, kappa=0.300   0.000	1.835	1.989	2.007	1.969	1.925	1.776	1.378	
10 classes, kappa=0.350   0.000	1.761	1.813	1.832	1.759	1.688	1.605	1.365	
10 classes, kappa=0.400   0.000	1.495	1.553	1.654	1.650	1.661	1.668	1.340	
10 classes, kappa=0.450   0.000	1.337	1.389	1.418	1.450	1.441	1.346	1.159	
10 classes, kappa=0.500   0.000	1.134	1.227	1.289	1.304	1.359	1.269	1.088	
10 classes, kappa=0.550   0.000	0.979	0.955	1.042	1.058	1.053	1.119	1.012	
10 classes, kappa=0.600   0.000	0.713	0.816	0.925	0.975	1.038	1.042	0.847	
10 classes, kappa=0.650   0.000	0.533	0.592	0.647	0.679	0.750	0.842	0.859	
10 classes, kappa=0.700   0.000	0.355	0.471	0.547	0.643	0.742	0.747	0.903	
10 classes, kappa=0.750   0.000	0.293	0.368	0.477	0.579	0.643	0.709	0.833	
10 classes, kappa=0.800   0.000	0.262	0.276	0.297	0.359	0.506	0.587	0.802	
10 classes, kappa=0.850   0.000	0.143	0.106	0.171	0.196	0.325	0.360	0.672	
10 classes, kappa=0.900   0.000	0.000	0.034	0.050	0.075	0.174	0.248	0.642	
10 classes, kappa=0.950   0.000	0.000	0.000	0.000	0.000	0.071	0.094	0.318	
10 classes, kappa=1.000   0.000	0.000	0.000	0.000	0.000	0.000	0.000	0.000	
