5 classes, kappa=0.000   0.000	20.606	26.873	32.448	37.127	42.413	50.011	56.625	
5 classes, kappa=0.050   0.000	19.683	25.849	31.076	35.275	40.209	47.410	54.755	
5 classes, kappa=0.100   0.000	17.414	22.725	27.334	31.117	35.733	42.461	50.182	
5 classes, kappa=0.150   0.000	15.316	20.062	24.126	27.567	31.771	38.013	45.635	
5 classes, kappa=0.200   0.000	12.819	16.887	20.545	23.782	27.766	33.694	41.435	
5 classes, kappa=0.250   0.000	10.810	14.152	17.507	20.443	24.144	29.667	37.514	
5 classes, kappa=0.300   0.000	8.917	11.783	14.597	17.319	20.735	25.817	33.905	
5 classes, kappa=0.350   0.000	7.671	10.054	12.578	14.912	18.042	22.660	30.832	
5 classes, kappa=0.400   0.000	6.506	8.358	10.491	12.634	15.580	19.680	28.020	
5 classes, kappa=0.450   0.000	5.439	6.930	8.706	10.521	13.209	16.939	25.137	
5 classes, kappa=0.500   0.000	4.452	5.681	7.248	8.730	11.093	14.356	22.462	
5 classes, kappa=0.550   0.000	3.621	4.435	5.593	6.844	8.916	11.807	19.711	
5 classes, kappa=0.600   0.000	2.910	3.453	4.416	5.419	7.291	9.710	17.540	
5 classes, kappa=0.650   0.000	2.440	2.892	3.562	4.317	5.851	7.849	15.304	
5 classes, kappa=0.700   0.000	2.075	2.295	2.774	3.332	4.531	6.065	13.009	
5 classes, kappa=0.750   0.000	1.772	1.924	2.229	2.605	3.553	4.701	10.907	
5 classes, kappa=0.800   0.000	1.720	1.796	1.953	2.156	2.808	3.637	8.970	
5 classes, kappa=0.850   0.000	1.667	1.689	1.760	1.858	2.255	2.730	7.113	
5 classes, kappa=0.900   0.000	1.679	1.680	1.694	1.718	1.870	2.133	5.162	
5 classes, kappa=0.950   0.000	1.667	1.667	1.667	1.670	1.704	1.778	3.365	
5 classes, kappa=1.000   0.000	1.667	1.667	1.667	1.667	1.667	1.667	1.667	
10 classes, kappa=0.000   0.000	2.858	2.356	2.214	2.023	1.929	1.926	1.161	
10 classes, kappa=0.050   0.000	2.869	2.678	2.639	2.525	2.456	2.392	2.024	
10 classes, kappa=0.100   0.000	2.732	2.702	2.623	2.546	2.498	2.462	2.263	
10 classes, kappa=0.150   0.000	2.465	2.391	2.455	2.391	2.382	2.253	2.200	
10 classes, kappa=0.200   0.000	2.218	2.239	2.205	2.129	2.111	2.109	1.947	
10 classes, kappa=0.250   0.000	1.985	1.990	1.952	1.903	1.841	1.782	1.585	
10 classes, kappa=0.300   0.000	1.779	1.653	1.595	1.593	1.591	1.538	1.392	
10 classes, kappa=0.350   0.000	1.576	1.545	1.602	1.521	1.531	1.492	1.453	
10 classes, kappa=0.400   0.000	1.471	1.458	1.520	1.494	1.469	1.490	1.362	
10 classes, kappa=0.450   0.000	1.554	1.569	1.542	1.503	1.543	1.453	1.295	
10 classes, kappa=0.500   0.000	1.218	1.201	1.224	1.280	1.270	1.296	1.009	
10 classes, kappa=0.550   0.000	1.187	1.110	1.168	1.155	1.154	1.133	1.075	
10 classes, kappa=0.600   0.000	0.796	0.848	1.039	1.034	1.128	1.046	1.034	
10 classes, kappa=0.650   0.000	0.638	0.690	0.725	0.767	0.824	0.845	0.849	
10 classes, kappa=0.700   0.000	0.482	0.532	0.626	0.689	0.764	0.766	0.857	
10 classes, kappa=0.750   0.000	0.258	0.309	0.409	0.467	0.610	0.738	0.716	
10 classes, kappa=0.800   0.000	0.160	0.212	0.291	0.340	0.489	0.531	0.604	
10 classes, kappa=0.850   0.000	0.000	0.077	0.145	0.210	0.394	0.474	0.585	
10 classes, kappa=0.900   0.000	0.096	0.102	0.118	0.121	0.198	0.260	0.657	
10 classes, kappa=0.950   0.000	0.000	0.000	0.000	0.022	0.064	0.128	0.296	
10 classes, kappa=1.000   0.000	0.000	0.000	0.000	0.000	0.000	0.000	0.000	
