0 classes, kappa=0.250   0.000	0.999	0.617	0.452	0.238	0.070	0.008	0.071	
0 classes, kappa=0.300   0.000	0.000	0.000	0.000	0.000	0.000	0.000	0.000	
0 classes, kappa=0.350   0.000	1.642	1.653	1.476	1.529	1.327	1.414	0.818	
0 classes, kappa=0.450   0.000	0.000	0.000	0.000	0.000	0.000	0.000	0.000	
0 classes, kappa=0.550   0.000	0.000	0.000	0.000	0.000	0.000	0.000	0.000	
0 classes, kappa=0.600   0.000	1.094	0.879	0.927	0.645	0.566	0.419	0.270	
0 classes, kappa=0.650   0.000	0.000	0.000	0.000	0.000	0.000	0.000	0.000	
3 classes, kappa=0.250   0.000	8.004	8.548	13.469	14.546	19.940	21.610	30.565	
3 classes, kappa=0.300   0.000	6.732	8.232	12.348	13.052	18.074	19.282	28.082	
3 classes, kappa=0.350   0.000	7.117	7.349	11.767	12.427	17.390	18.616	27.670	
3 classes, kappa=0.450   0.000	4.992	5.717	9.075	10.461	14.481	15.839	24.758	
3 classes, kappa=0.550   0.000	4.481	5.586	7.294	8.726	10.594	12.063	17.772	
3 classes, kappa=0.600   0.000	3.537	4.734	6.095	7.220	8.940	10.110	15.496	
3 classes, kappa=0.650   0.000	1.832	3.312	4.631	5.970	7.688	8.726	12.546	
