5 classes, kappa=0.250   0.000	7.070	8.639	13.442	14.408	20.396	21.502	30.827	
5 classes, kappa=0.300   0.000	7.218	8.232	11.766	13.000	17.762	19.387	27.859	
5 classes, kappa=0.350   0.000	6.916	7.490	11.526	12.344	17.192	18.654	27.013	
5 classes, kappa=0.450   0.000	5.556	5.797	8.834	10.277	14.389	16.054	24.577	
5 classes, kappa=0.550   0.000	4.481	5.571	7.215	8.743	10.449	11.964	17.879	
5 classes, kappa=0.600   0.000	3.767	4.654	5.990	7.215	8.897	10.120	15.455	
5 classes, kappa=0.650   0.000	7.882	10.010	13.591	15.788	19.728	22.730	31.141	
10 classes, kappa=0.250   0.000	0.096	0.749	0.226	0.162	0.210	0.083	0.413	
10 classes, kappa=0.300   0.000	0.000	0.000	0.000	0.000	0.000	0.000	0.000	
10 classes, kappa=0.350   0.000	1.843	1.512	1.717	1.612	1.526	1.349	0.826	
10 classes, kappa=0.450   0.000	0.000	0.000	0.000	0.000	0.000	0.000	0.000	
10 classes, kappa=0.550   0.000	0.000	0.000	0.000	0.000	0.000	0.000	0.000	
10 classes, kappa=0.600   0.000	1.243	0.877	0.782	0.552	0.541	0.461	0.522	
10 classes, kappa=0.650   0.000	2.114	2.700	3.406	3.913	4.590	5.369	6.568	
