0 classes, kappa=0.100   0.000	1.868	1.722	1.786	1.645	1.584	1.533	1.098	
0 classes, kappa=0.150   0.000	1.727	1.669	1.828	1.827	1.821	1.734	1.392	
0 classes, kappa=0.200   0.000	1.218	1.174	1.325	1.351	1.436	1.403	1.218	
0 classes, kappa=0.250   0.000	1.092	0.993	1.056	1.068	1.158	1.180	1.099	
0 classes, kappa=0.300   0.000	0.983	0.879	0.914	0.869	0.893	0.887	0.951	
0 classes, kappa=0.350   0.000	0.930	0.856	0.904	0.933	0.973	0.953	0.952	
0 classes, kappa=0.400   0.000	0.951	0.833	0.835	0.802	0.787	0.736	0.819	
0 classes, kappa=0.450   0.000	0.859	0.773	0.794	0.777	0.775	0.795	0.775	
0 classes, kappa=0.500   0.000	0.837	0.790	0.792	0.776	0.767	0.772	0.815	
0 classes, kappa=0.550   0.000	0.796	0.783	0.799	0.798	0.762	0.800	0.845	
0 classes, kappa=0.600   0.000	0.662	0.630	0.664	0.663	0.655	0.695	0.743	
0 classes, kappa=0.650   0.000	0.636	0.695	0.728	0.751	0.757	0.767	0.697	
0 classes, kappa=0.700   0.000	0.516	0.571	0.590	0.678	0.672	0.737	0.793	
0 classes, kappa=0.750   0.000	0.367	0.384	0.452	0.530	0.576	0.619	0.649	
0 classes, kappa=0.800   0.000	0.285	0.303	0.381	0.442	0.492	0.562	0.651	
0 classes, kappa=0.850   0.000	0.153	0.183	0.217	0.257	0.330	0.359	0.542	
0 classes, kappa=0.900   0.000	0.110	0.117	0.134	0.166	0.231	0.284	0.553	
0 classes, kappa=0.950   0.000	0.020	0.025	0.042	0.053	0.090	0.110	0.444	
0 classes, kappa=1.000   0.000	0.000	0.000	0.000	0.000	0.024	0.025	0.148	
3 classes, kappa=0.100   0.000	15.938	18.623	24.208	27.770	32.365	35.093	43.364	
3 classes, kappa=0.150   0.000	11.899	14.243	19.094	22.502	27.155	29.953	39.498	
3 classes, kappa=0.200   0.000	9.113	11.182	15.165	18.126	22.497	25.228	35.516	
3 classes, kappa=0.250   0.000	7.655	9.273	12.645	15.162	19.105	21.659	32.007	
3 classes, kappa=0.300   0.000	6.563	8.052	10.844	13.069	16.504	18.852	28.956	
3 classes, kappa=0.350   0.000	5.854	7.251	9.507	11.576	14.436	16.676	26.209	
3 classes, kappa=0.400   0.000	5.483	6.834	8.740	10.646	13.006	15.043	23.766	
3 classes, kappa=0.450   0.000	4.713	6.043	7.705	9.530	11.495	13.430	21.422	
3 classes, kappa=0.500   0.000	4.501	5.535	7.009	8.661	10.356	12.071	19.305	
3 classes, kappa=0.550   0.000	3.694	4.635	5.836	7.275	8.747	10.280	16.974	
3 classes, kappa=0.600   0.000	2.696	3.480	4.532	5.759	7.138	8.466	14.773	
3 classes, kappa=0.650   0.000	2.069	2.662	3.468	4.493	5.713	6.848	12.672	
3 classes, kappa=0.700   0.000	1.264	1.736	2.355	3.124	4.179	5.150	10.509	
3 classes, kappa=0.750   0.000	0.638	0.917	1.346	1.912	2.799	3.574	8.462	
3 classes, kappa=0.800   0.000	0.260	0.386	0.649	0.987	1.707	2.260	6.475	
3 classes, kappa=0.850   0.000	0.096	0.141	0.279	0.448	0.898	1.243	4.661	
3 classes, kappa=0.900   0.000	0.046	0.063	0.103	0.161	0.402	0.572	3.032	
3 classes, kappa=0.950   0.000	0.003	0.004	0.009	0.019	0.096	0.155	1.569	
3 classes, kappa=1.000   0.000	0.000	0.000	0.000	0.000	0.008	0.011	0.496	
