0 classes, kappa=0.000   0.000	1.872	1.854	1.825	1.713	1.678	1.676	1.197	
0 classes, kappa=0.050   0.000	1.792	1.909	1.947	1.953	1.959	1.989	1.710	
0 classes, kappa=0.100   0.000	1.650	1.685	1.688	1.664	1.624	1.632	1.406	
0 classes, kappa=0.150   0.000	1.523	1.519	1.452	1.371	1.373	1.343	1.207	
0 classes, kappa=0.200   0.000	1.377	1.411	1.361	1.303	1.265	1.251	1.119	
0 classes, kappa=0.250   0.000	1.291	1.282	1.222	1.194	1.150	1.107	0.996	
0 classes, kappa=0.300   0.000	1.335	1.331	1.354	1.332	1.324	1.278	1.099	
0 classes, kappa=0.350   0.000	1.148	1.205	1.230	1.229	1.215	1.176	1.047	
0 classes, kappa=0.400   0.000	1.115	1.140	1.159	1.179	1.182	1.123	1.016	
0 classes, kappa=0.450   0.000	1.126	1.176	1.216	1.210	1.185	1.126	0.984	
0 classes, kappa=0.500   0.000	1.103	1.165	1.179	1.180	1.205	1.179	1.002	
0 classes, kappa=0.550   0.000	0.749	0.813	0.904	0.946	0.976	1.012	0.922	
0 classes, kappa=0.600   0.000	0.647	0.710	0.760	0.826	0.887	0.930	0.878	
0 classes, kappa=0.650   0.000	0.515	0.530	0.601	0.674	0.764	0.891	0.877	
0 classes, kappa=0.700   0.000	0.394	0.450	0.481	0.552	0.627	0.690	0.809	
0 classes, kappa=0.750   0.000	0.213	0.242	0.316	0.377	0.484	0.592	0.791	
0 classes, kappa=0.800   0.000	0.171	0.196	0.247	0.301	0.369	0.467	0.718	
0 classes, kappa=0.850   0.000	0.071	0.089	0.136	0.181	0.237	0.349	0.671	
0 classes, kappa=0.900   0.000	0.078	0.088	0.117	0.145	0.198	0.279	0.605	
0 classes, kappa=0.950   0.000	0.016	0.026	0.037	0.051	0.082	0.149	0.671	
0 classes, kappa=1.000   0.000	0.000	0.000	0.000	0.000	0.015	0.029	0.194	
5 classes, kappa=0.000   0.000	21.020	27.931	33.732	38.212	42.446	48.946	57.458	
5 classes, kappa=0.050   0.000	18.500	24.442	29.856	34.135	38.259	44.621	53.842	
5 classes, kappa=0.100   0.000	16.414	21.802	26.710	30.655	34.609	40.600	49.927	
5 classes, kappa=0.150   0.000	15.084	20.069	24.491	28.158	31.913	37.630	46.697	
5 classes, kappa=0.200   0.000	13.703	18.088	22.129	25.515	29.107	34.568	43.504	
5 classes, kappa=0.250   0.000	11.870	15.842	19.615	22.817	26.292	31.544	40.432	
5 classes, kappa=0.300   0.000	10.735	14.199	17.554	20.501	23.825	28.861	37.548	
5 classes, kappa=0.350   0.000	9.152	12.194	15.232	17.963	21.096	25.890	34.557	
5 classes, kappa=0.400   0.000	7.788	10.436	13.065	15.563	18.577	23.074	31.624	
5 classes, kappa=0.450   0.000	6.305	8.592	10.849	13.115	15.903	20.135	28.650	
5 classes, kappa=0.500   0.000	5.074	6.815	8.748	10.709	13.288	17.207	25.722	
5 classes, kappa=0.550   0.000	3.678	4.986	6.583	8.274	10.597	14.179	22.576	
5 classes, kappa=0.600   0.000	2.726	3.753	5.052	6.519	8.597	11.749	19.827	
5 classes, kappa=0.650   0.000	1.962	2.629	3.566	4.729	6.515	9.167	16.935	
5 classes, kappa=0.700   0.000	1.294	1.717	2.381	3.223	4.637	6.812	14.268	
5 classes, kappa=0.750   0.000	0.850	1.078	1.500	2.092	3.190	4.858	11.576	
5 classes, kappa=0.800   0.000	0.673	0.797	1.035	1.387	2.176	3.347	9.153	
5 classes, kappa=0.850   0.000	0.581	0.635	0.737	0.894	1.359	2.074	6.797	
5 classes, kappa=0.900   0.000	0.577	0.589	0.616	0.679	0.905	1.236	4.598	
5 classes, kappa=0.950   0.000	0.555	0.560	0.565	0.576	0.639	0.733	2.553	
5 classes, kappa=1.000   0.000	0.552	0.552	0.552	0.552	0.558	0.564	1.103	
