3 classes, kappa=0.100   0.000	16.432	18.721	24.823	27.943	32.902	35.180	43.117	
3 classes, kappa=0.150   0.000	14.113	16.152	21.894	24.826	29.864	32.108	40.898	
3 classes, kappa=0.200   0.000	10.844	12.564	17.513	20.041	25.042	27.147	36.928	
3 classes, kappa=0.250   0.000	8.984	10.352	14.692	16.791	21.455	23.503	33.526	
3 classes, kappa=0.300   0.000	8.054	9.168	12.981	14.712	18.979	20.827	30.674	
3 classes, kappa=0.350   0.000	7.122	8.171	11.550	13.052	16.740	18.426	27.545	
3 classes, kappa=0.400   0.000	6.731	7.712	10.632	12.023	15.188	16.723	25.045	
3 classes, kappa=0.450   0.000	6.077	7.148	9.612	11.022	13.621	15.125	22.630	
3 classes, kappa=0.500   0.000	5.375	6.538	8.510	10.048	12.093	13.633	20.107	
3 classes, kappa=0.550   0.000	4.954	6.054	7.590	9.189	10.760	12.313	17.921	
3 classes, kappa=0.600   0.000	4.133	5.229	6.519	7.966	9.261	10.706	15.854	
3 classes, kappa=0.650   0.000	3.147	3.997	5.008	6.225	7.404	8.655	13.430	
3 classes, kappa=0.700   0.000	1.932	2.567	3.359	4.335	5.399	6.518	11.040	
3 classes, kappa=0.750   0.000	1.107	1.481	2.061	2.758	3.736	4.624	8.923	
3 classes, kappa=0.800   0.000	0.625	0.868	1.205	1.677	2.431	3.072	6.847	
3 classes, kappa=0.850   0.000	0.263	0.325	0.499	0.751	1.274	1.682	4.950	
3 classes, kappa=0.900   0.000	0.099	0.111	0.178	0.268	0.577	0.810	3.297	
3 classes, kappa=0.950   0.000	0.082	0.087	0.105	0.124	0.226	0.302	1.736	
3 classes, kappa=1.000   0.000	0.110	0.110	0.110	0.110	0.116	0.121	0.612	
