3 classes, kappa=0.100   0.000	16.136	18.543	24.705	27.733	32.731	34.973	42.918	
3 classes, kappa=0.150   0.000	13.961	16.017	21.748	24.655	29.720	31.937	40.630	
3 classes, kappa=0.200   0.000	10.844	12.433	17.392	19.909	24.901	26.994	36.796	
3 classes, kappa=0.250   0.000	8.906	10.230	14.595	16.679	21.334	23.349	33.352	
3 classes, kappa=0.300   0.000	7.943	9.058	12.856	14.576	18.853	20.691	30.419	
3 classes, kappa=0.350   0.000	6.998	8.061	11.416	12.924	16.604	18.281	27.432	
3 classes, kappa=0.400   0.000	6.587	7.602	10.548	11.917	15.050	16.603	24.889	
3 classes, kappa=0.450   0.000	5.997	7.057	9.521	10.938	13.559	15.020	22.513	
3 classes, kappa=0.500   0.000	5.253	6.424	8.402	9.960	11.985	13.545	20.017	
3 classes, kappa=0.550   0.000	4.827	5.998	7.543	9.132	10.695	12.251	17.894	
3 classes, kappa=0.600   0.000	4.169	5.118	6.434	7.869	9.170	10.620	15.805	
3 classes, kappa=0.650   0.000	3.072	3.921	4.931	6.175	7.342	8.583	13.309	
3 classes, kappa=0.700   0.000	1.866	2.509	3.309	4.267	5.334	6.445	10.943	
3 classes, kappa=0.750   0.000	1.014	1.393	1.982	2.691	3.657	4.546	8.795	
3 classes, kappa=0.800   0.000	0.533	0.773	1.118	1.585	2.337	2.991	6.792	
3 classes, kappa=0.850   0.000	0.157	0.227	0.382	0.635	1.163	1.579	4.848	
3 classes, kappa=0.900   0.000	0.024	0.036	0.110	0.191	0.510	0.743	3.248	
3 classes, kappa=0.950   0.000	0.003	0.007	0.020	0.043	0.154	0.224	1.643	
3 classes, kappa=1.000   0.000	0.000	0.000	0.000	0.000	0.008	0.011	0.498	
